# This is a cut down version of the Mariner 9 SEDR.
# The original VICAR labels used the Earth Received Time as the timestamp.
# We need to convert the ERT to the Spacecraft Data Acquisition System Time for use in the SPICE kernels.
# These groups map the ERT to the DAS.
# Also pulling in a bunch of other potentially useful fields.

Group = 01491197
	MeasurementTime = 1971:315:08:33:19.750
	DAS = 01491192
	OrbitNum = 0
	FilterNum = 2
	Instrument = TV*B
	InstrumentPosition = (-35008.84, 51860.89, 95591.14)
	InstrumentPointing = (
		0.711945, 0.624504, 0.321136,
		0.049589, -0.500874, 0.864098,
		0.700481, -0.599265, -0.387563
	)
	Description = "POIB12  P00012      055  DARK CIRC. STRK TRUNCATES E. OF CM."
End_Group

Group = 01494277
	MeasurementTime = 1971:315:09:34:55.738
	DAS = 01494272
	OrbitNum = 0
	FilterNum = 2
	Instrument = TV*B
	InstrumentPosition = (-26635.78, 44722.37, 90821.68)
	InstrumentPointing = (
		0.708531, 0.625727, 0.326263,
		0.044722, -0.501226, 0.864159,
		0.70426, -0.597693, -0.383118
	)
	Description = "POIB13  P00013      070"
End_Group

Group = 01497357
	MeasurementTime = 1971:315:10:36:31.726
	DAS = 01497352
	OrbitNum = 0
	FilterNum = 2
	Instrument = TV*B
	InstrumentPosition = (-18262.1, 37583.08, 86051.75)
	InstrumentPointing = (
		0.707436, 0.629395, 0.321551,
		0.051736, -0.499849, 0.864565,
		0.704881, -0.594988, -0.386174
	)
	Description = "POIB14  P00014      085  BRIGHT AMAZONIS-TYPE STREAK NR SOLIS L."
End_Group

Group = 01500437
	MeasurementTime = 1971:315:11:38:07.716
	DAS = 01500432
	OrbitNum = 0
	FilterNum = 2
	Instrument = TV*B
	InstrumentPosition = (-9887.76, 30443.02, 81281.31)
	InstrumentPointing = (
		0.706642, 0.626803, 0.328288,
		0.045101, -0.502924, 0.863152,
		0.706131, -0.595134, -0.383657
	)
	Description = "POIB15  P00015      100  CM=90? SAME STREAKS ROTATED W/PLANET"
End_Group

Group = 01503517
	MeasurementTime = 1971:315:12:39:43.703
	DAS = 01503512
	OrbitNum = 0
	FilterNum = 2
	Instrument = TV*B
	InstrumentPosition = (-1512.74, 23302.16, 76510.37)
	InstrumentPointing = (
		0.708698, 0.626066, 0.325249,
		0.049917, -0.504353, 0.862053,
		0.703743, -0.5947, -0.388685
	)
	Description = "POIB16  P00016      105  CM=90? SAME STREAKS ROTATED W/PLANET"
End_Group

Group = 01504497
	MeasurementTime = 1971:315:12:59:19.712
	DAS = 01504492
	OrbitNum = 0
	FilterNum = 2
	Instrument = TV*B
	InstrumentPosition = (-98847.78, 21029.87, 74992.22)
	InstrumentPointing = (
		0.723237, 0.615597, 0.312998,
		0.040772, -0.490498, 0.870487,
		0.689395, -0.616807, -0.379845
	)
	Description = "POIB17  S00017           DEIMOS VISIBLE FIRST QUADRANT"
End_Group

Group = 01506597
	MeasurementTime = 1971:315:13:41:19.691
	DAS = 01506592
	OrbitNum = 0
	FilterNum = 2
	Instrument = TV*B
	InstrumentPosition = (-93137, 16160.48, 71738.92)
	InstrumentPointing = (
		0.707328, 0.628058, 0.32439,
		0.048347, -0.500809, 0.864206,
		0.70523, -0.595593, -0.384601
	)
	Description = "POIB18  P00018      120  SLIGHT BROAD DARKENING SIRENUM M.T.USUAL S. STR"
End_Group

Group = 01509677
	MeasurementTime = 1971:315:14:42:55.680
	DAS = 01509672
	OrbitNum = 0
	FilterNum = 2
	Instrument = TV*B
	InstrumentPosition = (-84760.52, 9017.96, 66966.92)
	InstrumentPointing = (
		0.70584, 0.627702, 0.328296,
		0.046116, -0.503189, 0.862944,
		0.706868, -0.593961, -0.384118
	)
	Description = "POIB19  P00019      135  PROMINENT DARK SPOT W. OF ARSIA SILVA POSITION"
End_Group

Group = 01510517
	MeasurementTime = 1971:315:14:59:43.681
	DAS = 01510512
	OrbitNum = 0
	FilterNum = 2
	Instrument = TV*B
	InstrumentPosition = (-82475.88, 7069.85, 65665.37)
	InstrumentPointing = (
		0.730499, 0.609944, 0.307145,
		0.043718, -0.490602, 0.870285,
		0.681512, -0.622315, -0.38505
	)
	Description = "POIB20  S00020           DEIMOS 1ST QUADRANT"
End_Group

Group = 01512757
	MeasurementTime = 1971:315:15:44:31.668
	DAS = 01512752
	OrbitNum = 0
	FilterNum = 2
	Instrument = TV*B
	InstrumentPosition = (-76383.26, 1874.58, 62194.39)
	InstrumentPointing = (
		0.706547, 0.62682, 0.328461,
		0.046643, -0.504387, 0.862216,
		0.706127, -0.593876, -0.38561
	)
	Description = "POIB21  P00021      150  PROMINENT DARK SPOTS SHOW ROTATION"
End_Group

Group = 01515837
	MeasurementTime = 1971:315:16:46:07.657
	DAS = 01515832
	OrbitNum = 0
	FilterNum = 2
	Instrument = TV*B
	InstrumentPosition = (-68005.21, 94730.31, 57421.28)
	InstrumentPointing = (
		0.707045, 0.62593, 0.329085,
		0.047957, -0.506727, 0.860771,
		0.705539, -0.592822, -0.388297
	)
	Description = "POIB22  P00022      165  MORE PROMINENT DARK SPOTS=(EUKIMUS)&N.HEMIS.STR."
End_Group

Group = 01516537
	MeasurementTime = 1971:315:17:00:07.649
	DAS = 01516532
	OrbitNum = 0
	FilterNum = 2
	Instrument = TV*B
	InstrumentPosition = (-66101, 93106.5, 56336.41)
	InstrumentPointing = (
		0.729114, 0.61382, 0.302684,
		0.046992, -0.486124, 0.872625,
		0.682776, -0.622019, -0.383285
	)
	Description = "POIB23  S00023           DEIMOS UPPER CENTER"
End_Group

Group = 01518917
	MeasurementTime = 1971:315:17:47:43.646
	DAS = 01518912
	OrbitNum = 0
	FilterNum = 2
	Instrument = TV*B
	InstrumentPosition = (-59626.3, 87585.12, 52647.59)
	InstrumentPointing = (
		0.706688, 0.628191, 0.325526,
		0.051733, -0.504738, 0.86172,
		0.705631, -0.592127, -0.389191
	)
	Description = "POIB24  P00024      180  N.HEMIS. STREAK APPEARS TO BE RESIDUAL IMAGE"
End_Group

Group = 01520247
	MeasurementTime = 1971:315:18:14:19.627
	DAS = 01520242
	OrbitNum = 0
	FilterNum = 2
	Instrument = TV*B
	InstrumentPosition = (-56007.9, 84499.44, 50586.06)
	InstrumentPointing = (
		0.735427, 0.598285, 0.31812,
		0.056904, -0.522351, 0.850829,
		0.675209, -0.60762, -0.418196
	)
	Description = "POIB25  S00025           DEIMOS NEAR CTR 1ST QUAD."
End_Group

Group = 01521997
	MeasurementTime = 1971:315:18:49:19.634
	DAS = 01521992
	OrbitNum = 0
	FilterNum = 2
	Instrument = TV*B
	InstrumentPosition = (-51246.52, 80439, 47873.31)
	InstrumentPointing = (
		0.709338, 0.625066, 0.325776,
		0.050803, -0.506316, 0.860849,
		0.703034, -0.594083, -0.390905
	)
	Description = "POIB26  P00026      195  PROM. BRIGHT STREAK-CENTER PARALLEL TO EQUATOR"
End_Group

Group = 01523537
	MeasurementTime = 1971:315:19:20:07.628
	DAS = 01523532
	OrbitNum = 0
	FilterNum = 2
	Instrument = TV*B
	InstrumentPosition = (-47056.29, 76865.58, 45485.94)
	InstrumentPointing = (
		0.733252, 0.608089, 0.304248,
		0.050032, -0.494491, 0.867741,
		0.678112, -0.621051, -0.393011
	)
	Description = "POIB27  S00027           DEIMOS"
End_Group

Group = 01525077
	MeasurementTime = 1971:315:19:50:55.623
	DAS = 01525072
	OrbitNum = 0
	FilterNum = 2
	Instrument = TV*B
	InstrumentPosition = (-42865.82, 73291.91, 43098.41)
	InstrumentPointing = (
		0.70863, 0.626906, 0.323775,
		0.053367, -0.505186, 0.861358,
		0.703558, -0.593106, -0.391447
	)
	Description = "POIB28  P00028      210  MORE SPOTS/STREAKS NEAR TERMINATOR"
End_Group

Group = 01528157
	MeasurementTime = 1971:315:20:52:31.611
	DAS = 01528152
	OrbitNum = 0
	FilterNum = 2
	Instrument = TV*B
	InstrumentPosition = (-34484.17, 66143.82, 38322.87)
	InstrumentPointing = (
		0.708805, 0.626153, 0.324848,
		0.051906, -0.505563, 0.861226,
		0.703491, -0.59358, -0.390848
	)
	Description = "POIB29  P00029      225  S.HEMISPHERE STREAK BROAD-PERPENDICULAR-TERMIN."
End_Group

Group = 01531237
	MeasurementTime = 1971:315:21:54:07.599
	DAS = 01531232
	OrbitNum = 0
	FilterNum = 2
	Instrument = TV*B
	InstrumentPosition = (-26101.51, 58994.7, 33546.67)
	InstrumentPointing = (
		0.708657, 0.626104, 0.325266,
		0.051889, -0.506008, 0.860966,
		0.703642, -0.593251, -0.391074
	)
	Description = "POIB30  P00030      240  S.HEMISPHERE STREAK BROAD-PERPENDICULAR-TERMIN."
End_Group

Group = 01534317
	MeasurementTime = 1971:315:22:55:43.588
	DAS = 01534312
	OrbitNum = 0
	FilterNum = 2
	Instrument = TV*B
	InstrumentPosition = (-17717.8, 51844.51, 28769.79)
	InstrumentPointing = (
		0.708261, 0.630255, 0.31803,
		0.054222, -0.497736, 0.865631,
		0.703864, -0.595849, -0.386701
	)
	Description = "POIB31  P00031      255  S.HEMISPHERE STREAK BROAD-PERPENDICULAR-TERMIN."
End_Group

Group = 01534352
	MeasurementTime = 1971:315:22:56:25.588
	DAS = 01534347
	OrbitNum = 0
	FilterNum = 2
	Instrument = TV*A
	InstrumentPosition = (-17622.53, 51763.25, 28715.5)
	InstrumentPointing = (
		0.642234, 0.286984, 0.710756,
		-0.306196, -0.754012, 0.581126,
		0.702693, -0.59085, -0.396379
	)
	Description = "POIA32  P00032      255  A-FRAME-LOST IN END OF TAPE"
End_Group

Group = 01546637
	MeasurementTime = 1971:316:03:02:07.543
	DAS = 01546632
	OrbitNum = 0
	FilterNum = 2
	Instrument = TV*B
	InstrumentPosition = (-84171.5, 23232.32, 9654.97)
	InstrumentPointing = (
		0.704854, 0.630363, 0.325302,
		0.051562, -0.502909, 0.862799,
		0.707475, -0.591374, -0.386981
	)
	Description = ""
End_Group

Group = 01549717
	MeasurementTime = 1971:316:04:03:43.530
	DAS = 01549712
	OrbitNum = 0
	FilterNum = 2
	Instrument = TV*B
	InstrumentPosition = (-75781.78, 16076.2, 4874.3)
	InstrumentPointing = (
		0.704432, 0.632211, 0.322619,
		0.052307, -0.499545, 0.864707,
		0.707841, -0.592252, -0.384964
	)
	Description = ""
End_Group

Group = 01552797
	MeasurementTime = 1971:316:05:05:19.518
	DAS = 01552792
	OrbitNum = 0
	FilterNum = 2
	Instrument = TV*B
	InstrumentPosition = (-67390.66, 8918.75, 92.78)
	InstrumentPointing = (
		0.703355, 0.631652, 0.326045,
		0.05205, -0.503211, 0.862594,
		0.70893, -0.589739, -0.386814
	)
	Description = ""
End_Group

Group = 01555877
	MeasurementTime = 1971:316:06:06:55.506
	DAS = 01555872
	OrbitNum = 0
	FilterNum = 2
	Instrument = TV*B
	InstrumentPosition = (-58998.09, 1759.92, 95310.37)
	InstrumentPointing = (
		0.702399, 0.631962, 0.327502,
		0.050063, -0.50284, 0.862928,
		0.71002, -0.589724, -0.384833
	)
	Description = ""
End_Group

Group = 01558957
	MeasurementTime = 1971:316:07:08:31.494
	DAS = 01558952
	OrbitNum = 0
	FilterNum = 2
	Instrument = TV*B
	InstrumentPosition = (-50603.99, 94599.64, 90527.05)
	InstrumentPointing = (
		0.703985, 0.629755, 0.328348,
		0.051201, -0.506122, 0.86094,
		0.708366, -0.589277, -0.388547
	)
	Description = ""
End_Group

Group = 01562037
	MeasurementTime = 1971:316:08:10:07.423
	DAS = 01562032
	OrbitNum = 0
	FilterNum = 2
	Instrument = TV*B
	InstrumentPosition = (-42208.41, 87437.98, 85742.83)
	InstrumentPointing = (
		0.705173, 0.631393, 0.322603,
		0.048163, -0.496594, 0.866645,
		0.707397, -0.595597, -0.380594
	)
	Description = "P02B06  P00038       30 DITTO"
End_Group

Group = 01565117
	MeasurementTime = 1971:316:09:11:43.411
	DAS = 01565112
	OrbitNum = 0
	FilterNum = 2
	Instrument = TV*B
	InstrumentPosition = (-33810.99, 80274.62, 80957.53)
	InstrumentPointing = (
		0.702959, 0.630992, 0.32817,
		0.046822, -0.501469, 0.863907,
		0.709686, -0.591926, -0.382057
	)
	Description = "P02B07  P00039       45 DITTO"
End_Group

Group = 01568197
	MeasurementTime = 1971:316:10:13:19.399
	DAS = 01568192
	OrbitNum = 0
	FilterNum = 2
	Instrument = TV*B
	InstrumentPosition = (-25411.78, 73109.62, 76171.17)
	InstrumentPointing = (
		0.704896, 0.631461, 0.323073,
		0.046526, -0.495657, 0.86727,
		0.707782, -0.596304, -0.378767
	)
	Description = "P02B08  P00040       60 DITTO"
End_Group

Group = 01571277
	MeasurementTime = 1971:316:11:14:55.388
	DAS = 01571272
	OrbitNum = 0
	FilterNum = 2
	Instrument = TV*B
	InstrumentPosition = (-17010.67, 65942.88, 71383.71)
	InstrumentPointing = (
		0.704672, 0.630119, 0.326169,
		0.044871, -0.498352, 0.865812,
		0.708112, -0.595478, -0.379449
	)
	Description = "P02B09  P00041       75 DITTO"
End_Group

Group = 01573517
	MeasurementTime = 1971:316:11:59:43.375
	DAS = 01573512
	OrbitNum = 0
	FilterNum = 2
	Instrument = TV*B
	InstrumentPosition = (-10899.53, 60729.58, 67901.2)
	InstrumentPointing = (
		0.67892, 0.652642, 0.336338,
		0.046748, -0.495591, 0.867296,
		0.732721, -0.573102, -0.366977
	)
	Description = "P02B10  S00042      DEIMOSCAN'T SEE IT"
End_Group

Group = 01574357
	MeasurementTime = 1971:316:12:16:31.377
	DAS = 01574352
	OrbitNum = 0
	FilterNum = 2
	Instrument = TV*B
	InstrumentPosition = (-8607.55, 58774.33, 66595.09)
	InstrumentPointing = (
		0.703815, 0.634309, 0.319835,
		0.054494, -0.497112, 0.865973,
		0.708289, -0.592056, -0.384441
	)
	Description = "P02B11  P00043       90 BRIGHT/DARK FEATURES"
End_Group

Group = 01576527
	MeasurementTime = 1971:316:12:59:55.360
	DAS = 01576522
	OrbitNum = 0
	FilterNum = 2
	Instrument = TV*B
	InstrumentPosition = (-2685.93, 53722.63, 63220.57)
	InstrumentPointing = (
		0.683075, 0.651238, 0.3306,
		0.047693, -0.49147, 0.869587,
		0.728788, -0.578226, -0.366771
	)
	Description = "P02B12  S00044      DEIMOS3 BRIGHT OBJEOTS IN FIELD"
End_Group

Group = 01577437
	MeasurementTime = 1971:316:13:18:07.365
	DAS = 01577432
	OrbitNum = 0
	FilterNum = 2
	Instrument = TV*B
	InstrumentPosition = (-202.32, 51603.86, 61805.25)
	InstrumentPointing = (
		0.701612, 0.634698, 0.323879,
		0.051368, -0.498399, 0.865424,
		0.710704, -0.590555, -0.382286
	)
	Description = "P02B13  P00045      105 BRIGHT HORIZONTAL STREAK"
End_Group

Group = 01579537
	MeasurementTime = 1971:316:14:00:07.344
	DAS = 01579532
	OrbitNum = 0
	FilterNum = 2
	Instrument = TV*B
	InstrumentPosition = (-94470.23, 46713.79, 58538.73)
	InstrumentPointing = (
		0.682137, 0.651092, 0.332816,
		0.048058, -0.494085, 0.868084,
		0.729643, -0.576157, -0.368324
	)
	Description = "P02B14  S00046      DEIMOSLOWER RIGHT CENTER"
End_Group

Group = 01580517
	MeasurementTime = 1971:316:14:19:43.353
	DAS = 01580512
	OrbitNum = 0
	FilterNum = 2
	Instrument = TV*B
	InstrumentPosition = (-91794.84, 44431.39, 57014.12)
	InstrumentPointing = (
		0.702871, 0.634224, 0.322073,
		0.048057, -0.49409, 0.868081,
		0.709691, -0.594671, -0.377761
	)
	Description = "P02B15  P00047      120  BRIGHT HORIZONTAL STREAK-THREE DARK CIRCULAR ARE"
End_Group

Group = 01583597
	MeasurementTime = 1971:316:15:21:19.342
	DAS = 01583592
	OrbitNum = 0
	FilterNum = 2
	Instrument = TV*B
	InstrumentPosition = (-83384.96, 37256.78, 52221.63)
	InstrumentPointing = (
		0.703691, 0.632021, 0.324602,
		0.047648, -0.497811, 0.865975,
		0.708906, -0.593912, -0.38042
	)
	Description = "P02B16  P00048      135  THREE DARK CIRCULAR AREAS-BRIGHT STREAKS"
End_Group

Group = 01586677
	MeasurementTime = 1971:316:16:22:55.330
	DAS = 01586672
	OrbitNum = 0
	FilterNum = 2
	Instrument = TV*B
	InstrumentPosition = (-74972.55, 30079.92, 47427.7)
	InstrumentPointing = (
		0.705331, 0.632034, 0.320999,
		0.051002, -0.4969, 0.866307,
		0.70704, -0.594662, -0.382714
	)
	Description = "P02B17  P00049      150  THREE DARK FEATURES+NIX OLYMPICA-BRIGHT STREAK"
End_Group

Group = 01589757
	MeasurementTime = 1971:316:17:24:31.318
	DAS = 01589752
	OrbitNum = 0
	FilterNum = 2
	Instrument = TV*B
	InstrumentPosition = (-66557.42, 22900.68, 42632.26)
	InstrumentPointing = (
		0.704664, 0.632851, 0.320852,
		0.05162, -0.496724, 0.866371,
		0.70766, -0.593939, -0.382692
	)
	Description = "P02B18  P00050      165  DITTO AND STRUCTURE IN SOUTH POLAR REGION"
End_Group

Group = 01592837
	MeasurementTime = 1971:316:18:26:07.308
	DAS = 01592832
	OrbitNum = 0
	FilterNum = 2
	Instrument = TV*B
	InstrumentPosition = (-58139.39, 15718.91, 37835.2)
	InstrumentPointing = (
		0.701727, 0.635288, 0.322469,
		0.046239, -0.492281, 0.869207,
		0.710943, -0.595035, -0.374823
	)
	Description = "P02B19  P00051      180  NIX OLYMPICA"
End_Group

Group = 01594517
	MeasurementTime = 1971:316:18:59:43.310
	DAS = 01594512
	OrbitNum = 0
	FilterNum = 2
	Instrument = TV*B
	InstrumentPosition = (-53546.43, 11800.44, 35217.9)
	InstrumentPointing = (
		0.734455, 0.613927, 0.289253,
		0.044448, -0.468815, 0.882177,
		0.677199, -0.635063, -0.371611
	)
	Description = "P02B20  S00052      DEIMOS"
End_Group

Group = 01595917
	MeasurementTime = 1971:316:19:27:43.296
	DAS = 01595912
	OrbitNum = 0
	FilterNum = 2
	Instrument = TV*B
	InstrumentPosition = (-49718.27, 8534.44, 33036.43)
	InstrumentPointing = (
		0.699246, 0.637373, 0.323743,
		0.050385, -0.495677, 0.867043,
		0.713103, -0.589964, -0.378715
	)
	Description = "P02B21  P00053      195 BRIGHT/DARK FEATURES SOUTH POLAR REGION"
End_Group

Group = 01598017
	MeasurementTime = 1971:316:20:09:43.275
	DAS = 01598012
	OrbitNum = 0
	FilterNum = 2
	Instrument = TV*B
	InstrumentPosition = (-43974.75, 3634.33, 29763.52)
	InstrumentPointing = (
		0.7385, 0.607827, 0.291826,
		0.041014, -0.47251, 0.88037,
		0.673004, -0.638184, -0.373878
	)
	Description = "P02B22  S00054      DEIMOS"
End_Group

Group = 01598997
	MeasurementTime = 1971:316:20:29:19.284
	DAS = 01598992
	OrbitNum = 0
	FilterNum = 2
	Instrument = TV*B
	InstrumentPosition = (-41293.84, 1347.09, 28235.83)
	InstrumentPointing = (
		0.699054, 0.63851, 0.321913,
		0.04811, -0.491163, 0.869737,
		0.713448, -0.592506, -0.374069
	)
	Description = "P02B23  P00055      210 FAIRLY FLAT"
End_Group

Group = 01602077
	MeasurementTime = 1971:316:21:30:55.274
	DAS = 01602072
	OrbitNum = 0
	FilterNum = 2
	Instrument = TV*B
	InstrumentPosition = (-32865.83, 94156.66, 23433.27)
	InstrumentPointing = (
		0.699834, 0.637211, 0.32279,
		0.045285, -0.490564, 0.870227,
		0.712868, -0.594397, -0.37217
	)
	Description = "P02B24  P00056      225 HIGH PASS FILTER-THIN CRESENT"
End_Group

Group = 01603547
	MeasurementTime = 1971:316:22:00:19.263
	DAS = 01603542
	OrbitNum = 0
	FilterNum = 2
	Instrument = TV*B
	InstrumentPosition = (-28842.05, 90723.73, 21140.42)
	InstrumentPointing = (
		0.740303, 0.605052, 0.293023,
		0.036896, -0.471781, 0.880943,
		0.671259, -0.641353, -0.371585
	)
	Description = "P02B25  S00057      DEIMOS"
End_Group

Group = 01605157
	MeasurementTime = 1971:316:22:32:31.262
	DAS = 01605152
	OrbitNum = 0
	FilterNum = 2
	Instrument = TV*B
	InstrumentPosition = (-24433.99, 86962.94, 18628.63)
	InstrumentPointing = (
		0.702769, 0.634025, 0.322687,
		0.044224, -0.49164, 0.869674,
		0.710042, -0.596909, -0.373549
	)
	Description = "P02B26  P00058      240  HIGH PASS FILTER CRESCENT IMAGE"
End_Group

Group = 01608237
	MeasurementTime = 1971:316:23:34:07.250
	DAS = 01608232
	OrbitNum = 0
	FilterNum = 2
	Instrument = TV*B
	InstrumentPosition = (-15997.99, 79765.66, 13821.73)
	InstrumentPointing = (
		0.70059, 0.636821, 0.321918,
		0.044945, -0.489627, 0.870772,
		0.712146, -0.595585, -0.37165
	)
	Description = "P02B27  P00059      255  DITTO"
End_Group

Group = 01611317
	MeasurementTime = 1971:317:00:35:43.238
	DAS = 01611312
	OrbitNum = 0
	FilterNum = 2
	Instrument = TV*B
	InstrumentPosition = (-7557.5, 72564.54, 9012.42)
	InstrumentPointing = (
		0.700044, 0.636413, 0.323907,
		0.046942, -0.49362, 0.868409,
		0.712554, -0.592719, -0.375431
	)
	Description = "P02B28  P00060      271  DITTO-CIRCLE FEATURE-VIDICON DEFECT"
End_Group

Group = 01614397
	MeasurementTime = 1971:317:01:37:19.225
	DAS = 01614392
	OrbitNum = 0
	FilterNum = 2
	Instrument = TV*B
	InstrumentPosition = (-99112.12, 65359.28, 4200.49)
	InstrumentPointing = (
		0.69749, 0.639252, 0.323825,
		0.048283, -0.492792, 0.868806,
		0.714965, -0.590348, -0.374582
	)
	Description = "P02B29  P00061      285  DITTO+SMALL SCALE CLOUD FEATURES?"
End_Group

Group = 01617477
	MeasurementTime = 1971:317:02:38:55.212
	DAS = 01617472
	OrbitNum = 0
	FilterNum = 2
	Instrument = TV*B
	InstrumentPosition = (-90661.41, 58149.5, 99385.72)
	InstrumentPointing = (
		0.69738, 0.639729, 0.323119,
		0.049214, -0.492524, 0.868906,
		0.715009, -0.590055, -0.37496
	)
	Description = "P02B30  P00062      300  DITTO"
End_Group

Group = 01618247
	MeasurementTime = 1971:317:02:54:19.209
	DAS = 01618242
	OrbitNum = 0
	FilterNum = 2
	Instrument = TV*B
	InstrumentPosition = (-88547.84, 56346.31, 98181.56)
	InstrumentPointing = (
		0.74219, 0.600443, 0.297692,
		0.050908, -0.493419, 0.8683,
		0.668252, -0.629289, -0.396778
	)
	Description = "P02B31  S00063      DEIMOS"
End_Group

Group = 01632037
	MeasurementTime = 1971:317:07:30:07.145
	DAS = 01632032
	OrbitNum = 0
	FilterNum = 1
	Instrument = TV*B
	InstrumentPosition = (-50622.72, 23991.5, 76577.88)
	InstrumentPointing = (
		0.688902, 0.639647, 0.340976,
		0.051847, -0.512685, 0.857009,
		0.722997, -0.572716, -0.386354
	)
	Description = ""
End_Group

Group = 01632527
	MeasurementTime = 1971:317:07:39:55.174
	DAS = 01632522
	OrbitNum = 0
	FilterNum = 1
	Instrument = TV*B
	InstrumentPosition = (-49272.04, 22839.26, 75808.63)
	InstrumentPointing = (
		0.689485, 0.640419, 0.338337,
		0.056868, -0.513547, 0.856174,
		0.722063, -0.571079, -0.390503
	)
	Description = ""
End_Group

Group = 01632877
	MeasurementTime = 1971:317:07:46:55.146
	DAS = 01632872
	OrbitNum = 0
	FilterNum = 1
	Instrument = TV*B
	InstrumentPosition = (-48307.22, 22016.2, 75259.16)
	InstrumentPointing = (
		0.686913, 0.64337, 0.33797,
		0.058641, -0.512604, 0.85662,
		0.724368, -0.568605, -0.389843
	)
	Description = ""
End_Group

Group = 01632947
	MeasurementTime = 1971:317:07:48:19.151
	DAS = 01632942
	OrbitNum = 0
	FilterNum = 1
	Instrument = TV*B
	InstrumentPosition = (-48114.22, 21851.56, 75149.25)
	InstrumentPointing = (
		0.68668, 0.643481, 0.338233,
		0.059311, -0.513312, 0.856149,
		0.724536, -0.567839, -0.390647
	)
	Description = ""
End_Group

Group = 01639037
	MeasurementTime = 1971:317:09:50:07.071
	DAS = 01639032
	OrbitNum = 0
	FilterNum = 1
	Instrument = TV*B
	InstrumentPosition = (-31302.99, 7510.88, 65576.4)
	InstrumentPointing = (
		0.693711, 0.645537, 0.319444,
		0.038229, -0.475893, 0.878671,
		0.719237, -0.597332, -0.354811
	)
	Description = "PO3B05  P00069      MARGERITIFER SINUS  TOTALLY OBSCURED"
End_Group

Group = 01639107
	MeasurementTime = 1971:317:09:51:31.073
	DAS = 01639102
	OrbitNum = 0
	FilterNum = 1
	Instrument = TV*B
	InstrumentPosition = (-31109.48, 7345.82, 65466.23)
	InstrumentPointing = (
		0.694013, 0.641999, 0.325855,
		0.042952, -0.488715, 0.871385,
		0.718679, -0.590756, -0.36675
	)
	Description = "PO3B06  P00070      SOUTH POLAR CAP NEAR TOP EDGE"
End_Group

Group = 01640297
	MeasurementTime = 1971:317:10:15:19.031
	DAS = 01640292
	OrbitNum = 0
	FilterNum = 1
	Instrument = TV*B
	InstrumentPosition = (-27819.04, 4539.09, 63592.91)
	InstrumentPointing = (
		0.657958, 0.674972, 0.333921,
		0.047273, -0.479569, 0.876229,
		0.751569, -0.560736, -0.347445
	)
	Description = "PO3B07  S00071      SATELLITE"
End_Group

Group = 01643797
	MeasurementTime = 1971:317:11:25:19.000
	DAS = 01643792
	OrbitNum = 0
	FilterNum = 1
	Instrument = TV*B
	InstrumentPosition = (-18128.96, 96273.91, 58077)
	InstrumentPointing = (
		0.687605, 0.656745, 0.309651,
		0.041524, -0.461337, 0.886252,
		0.724896, -0.596533, -0.344489
	)
	Description = "PO3B08  S00072      PHOBOS TRANSIT(?)       MARE ACIDALEUM VISIBLE"
End_Group

Group = 01644287
	MeasurementTime = 1971:317:11:35:06.974
	DAS = 01644282
	OrbitNum = 0
	FilterNum = 1
	Instrument = TV*B
	InstrumentPosition = (-16770.83, 95115.54, 57304.03)
	InstrumentPointing = (
		0.686448, 0.655352, 0.315121,
		0.0397, -0.466476, 0.883641,
		0.726093, -0.594064, -0.34623
	)
	Description = "PO3B09  S00073      PHOBOS TRANSIT(?)"
End_Group

Group = 01645197
	MeasurementTime = 1971:317:11:53:18.967
	DAS = 01645192
	OrbitNum = 0
	FilterNum = 1
	Instrument = TV*B
	InstrumentPosition = (-14247.4, 92963.31, 55867.91)
	InstrumentPointing = (
		0.690881, 0.652788, 0.310723,
		0.036878, -0.46105, 0.886607,
		0.722026, -0.601081, -0.342605
	)
	Description = "PO3B10  P00074      MARE ACIDALIUM VISIBLE"
End_Group

Group = 01645267
	MeasurementTime = 1971:317:11:54:42.970
	DAS = 01645262
	OrbitNum = 0
	FilterNum = 1
	Instrument = TV*B
	InstrumentPosition = (-14053.22, 92797.7, 55757.4)
	InstrumentPointing = (
		0.693913, 0.647187, 0.315647,
		0.041164, -0.473301, 0.879938,
		0.718881, -0.597607, -0.355071
	)
	Description = "PO3B11  P00075      AUROREA SINUS VISIBLE"
End_Group

Group = 01645337
	MeasurementTime = 1971:317:11:56:06.974
	DAS = 01645332
	OrbitNum = 0
	FilterNum = 1
	Instrument = TV*B
	InstrumentPosition = (-13859.03, 92632.08, 55646.89)
	InstrumentPointing = (
		0.692027, 0.645438, 0.323275,
		0.045614, -0.486033, 0.872748,
		0.720428, -0.58922, -0.365789
	)
	Description = "PO3B12  P00076      POLAR CAP  AND ARGYRE"
End_Group

Group = 01645547
	MeasurementTime = 1971:317:12:00:18.934
	DAS = 01645542
	OrbitNum = 0
	FilterNum = 1
	Instrument = TV*B
	InstrumentPosition = (-13276.53, 92135.27, 55315.4)
	InstrumentPointing = (
		0.599163, 0.699137, 0.39014,
		0.061752, -0.526198, 0.848116,
		0.798241, -0.484068, -0.358452
	)
	Description = "PO3B13  S00077      SATELLITE"
End_Group

Group = 01651357
	MeasurementTime = 1971:317:13:56:30.863
	DAS = 01651352
	OrbitNum = 0
	FilterNum = 1
	Instrument = TV*B
	InstrumentPosition = (-97122.64, 78359.3, 46125.55)
	InstrumentPointing = (
		0.688598, 0.658942, 0.3027,
		0.034274, -0.446544, 0.894104,
		0.724332, -0.605304, -0.330074
	)
	Description = "PO3B14  P00078      LUNAE PALUS NOT VISIBLE"
End_Group

Group = 01651427
	MeasurementTime = 1971:317:13:57:54.866
	DAS = 01651422
	OrbitNum = 0
	FilterNum = 1
	Instrument = TV*B
	InstrumentPosition = (-96927.53, 78192.94, 46014.6)
	InstrumentPointing = (
		0.680029, 0.664746, 0.309308,
		0.037837, -0.453125, 0.890643,
		0.732208, -0.593959, -0.33329
	)
	Description = "PO3B15  P00079      TWO DARK SPOTS"
End_Group

Group = 01651497
	MeasurementTime = 1971:317:13:59:18.869
	DAS = 01651492
	OrbitNum = 0
	FilterNum = 1
	Instrument = TV*B
	InstrumentPosition = (-96732.42, 78026.56, 45903.65)
	InstrumentPointing = (
		0.691696, 0.653371, 0.307672,
		0.042379, -0.462016, 0.885858,
		0.720944, -0.599705, -0.347264
	)
	Description = "PO3B16  P00080      SOLUS LACUS DRIED UP: NO DETAIL"
End_Group

Group = 01651567
	MeasurementTime = 1971:317:14:00:42.873
	DAS = 01651562
	OrbitNum = 0
	FilterNum = 1
	Instrument = TV*B
	InstrumentPosition = (-96537.29, 77860.18, 45792.68)
	InstrumentPointing = (
		0.677942, 0.661906, 0.319801,
		0.044253, -0.470994, 0.881025,
		0.733781, -0.583132, -0.348598
	)
	Description = "PO3B17  P00081      DARK SPOT NEAR NODUS GORDII"
End_Group

Group = 01651637
	MeasurementTime = 1971:317:14:02:06.827
	DAS = 01651632
	OrbitNum = 0
	FilterNum = 1
	Instrument = TV*B
	InstrumentPosition = (-96342.26, 77693.88, 45681.78)
	InstrumentPointing = (
		0.683722, 0.653864, 0.324013,
		0.046916, -0.482479, 0.874649,
		0.728232, -0.582816, -0.360559
	)
	Description = "PO3B18  P00082      SOUTH POLAR CAP-TWO COMPONENTS"
End_Group

Group = 01652057
	MeasurementTime = 1971:317:14:10:30.847
	DAS = 01652052
	OrbitNum = 0
	FilterNum = 1
	Instrument = TV*B
	InstrumentPosition = (-95171.14, 76695.3, 45015.83)
	InstrumentPointing = (
		0.552399, 0.72836, 0.405395,
		0.053361, -0.516231, 0.854784,
		0.831869, -0.45055, -0.324032
	)
	Description = "PO3B19  S00083      SATELLITE (DEIMOS(?))"
End_Group

Group = 01656047
	MeasurementTime = 1971:317:15:30:18.789
	DAS = 01656042
	OrbitNum = 0
	FilterNum = 1
	Instrument = TV*B
	InstrumentPosition = (-84020.83, 67188.88, 38677.79)
	InstrumentPointing = (
		0.516131, 0.750505, 0.412735,
		0.047167, -0.506054, 0.86121,
		0.855209, -0.425029, -0.29659
	)
	Description = "PO3B20  S00084      SATELLITE"
End_Group

Group = 01657517
	MeasurementTime = 1971:317:15:59:42.760
	DAS = 01657512
	OrbitNum = 0
	FilterNum = 1
	Instrument = TV*B
	InstrumentPosition = (-79899.66, 63675.97, 36336.63)
	InstrumentPointing = (
		0.679336, 0.658288, 0.32428,
		0.042613, -0.476546, 0.878116,
		0.732588, -0.582718, -0.351787
	)
	Description = "PO3B21  P00085      AONIUS SINUS NOT VISIBLE-CAP VISIBLE AT TOP"
End_Group

Group = 01657552
	MeasurementTime = 1971:317:16:00:24.760
	DAS = 01657547
	OrbitNum = 0
	FilterNum = 1
	Instrument = TV*A
	InstrumentPosition = (-79801.44, 63592.25, 36280.84)
	InstrumentPointing = (
		0.61154, 0.323407, 0.722098,
		-0.30238, -0.747838, 0.591019,
		0.731152, -0.57978, -0.359541
	)
	Description = "PO3A22  P00086      -BLUE FILTER   THREE SPOTS VISIBLE"
End_Group

Group = 01657587
	MeasurementTime = 1971:317:16:01:06.763
	DAS = 01657582
	OrbitNum = 0
	FilterNum = 1
	Instrument = TV*B
	InstrumentPosition = (-79703.21, 63508.51, 36225.05)
	InstrumentPointing = (
		0.686012, 0.656658, 0.313345,
		0.037641, -0.462116, 0.88602,
		0.726615, -0.596026, -0.341735
	)
	Description = "PO3B23  P00087      PHOENICIS L. MAY BE DARK SPOT AT BOTTOM RIGHT"
End_Group

Group = 01657622
	MeasurementTime = 1971:317:16:01:48.763
	DAS = 01657617
	OrbitNum = 0
	FilterNum = 2
	Instrument = TV*A
	InstrumentPosition = (-79604.97, 63424.79, 36169.25)
	InstrumentPointing = (
		0.614862, 0.330456, 0.71606,
		-0.310386, -0.733293, 0.60493,
		0.724985, -0.594204, -0.348305
	)
	Description = "PO3A24  P00088      ORANGE FILTER--MARE SIRENUM & CIMMERIUM VISIBLE"
End_Group

Group = 01657657
	MeasurementTime = 1971:317:16:02:30.766
	DAS = 01657652
	OrbitNum = 0
	FilterNum = 2
	Instrument = TV*B
	InstrumentPosition = (-79506.73, 63341.05, 36113.45)
	InstrumentPointing = (
		0.674867, 0.666346, 0.317072,
		0.037261, -0.459895, 0.88719,
		0.736997, -0.586922, -0.335197
	)
	Description = "PO3B25  P00089      ONE DARK SPOT VISIBLE LOWER LEFT"
End_Group

Group = 01657692
	MeasurementTime = 1971:317:16:03:12.766
	DAS = 01657687
	OrbitNum = 0
	FilterNum = 4
	Instrument = TV*A
	InstrumentPosition = (-79408.49, 63257.31, 36057.66)
	InstrumentPointing = (
		0.605111, 0.339991, 0.719892,
		-0.305023, -0.736226, 0.604095,
		0.735391, -0.585129, -0.341793
	)
	Description = "PO3A26  P00090      GREEN FILTER-DARK FEATURE AT LEFT(?) (RESIDUAL(?))"
End_Group

Group = 01657727
	MeasurementTime = 1971:317:16:03:54.770
	DAS = 01657722
	OrbitNum = 0
	FilterNum = 4
	Instrument = TV*B
	InstrumentPosition = (-79310.23, 63173.56, 36001.85)
	InstrumentPointing = (
		0.675408, 0.669769, 0.308598,
		0.032729, -0.445283, 0.894791,
		0.736717, -0.594249, -0.322668
	)
	Description = "PO3B27  P00091      THREE DARK SPOTS CLEARLY VISIBLE"
End_Group

Group = 01657762
	MeasurementTime = 1971:317:16:04:36.770
	DAS = 01657757
	OrbitNum = 0
	FilterNum = 14
	Instrument = TV*A
	InstrumentPosition = (-79211.98, 63089.82, 35946.05)
	InstrumentPointing = (
		0.603506, 0.350274, 0.716301,
		-0.309119, -0.725308, 0.61512,
		0.735, -0.592651, -0.329451
	)
	Description = "PO3A28  P00092      BLUE FILTER-M SIRENUM VISIBLE"
End_Group

Group = 01657797
	MeasurementTime = 1971:317:16:05:18.723
	DAS = 01657792
	OrbitNum = 0
	FilterNum = 14
	Instrument = TV*B
	InstrumentPosition = (-79113.83, 63006.17, 35890.31)
	InstrumentPointing = (
		0.688419, 0.659632, 0.3016,
		0.032512, -0.443468, 0.8957,
		0.724583, -0.606811, -0.326739
	)
	Description = "PO3B29  P00093      THREE DARK SPOTS VISIBLE AGAIN"
End_Group

Group = 01657832
	MeasurementTime = 1971:317:16:06:00.723
	DAS = 01657827
	OrbitNum = 0
	FilterNum = 8
	Instrument = TV*A
	InstrumentPosition = (-79015.57, 62922.42, 35834.51)
	InstrumentPointing = (
		0.614714, 0.341745, 0.71087,
		-0.31571, -0.719308, 0.618807,
		0.722809, -0.604818, -0.334276
	)
	Description = "PO3A30  P00094      VIOLET FILTER-M SIRENUM VISIBLE"
End_Group

Group = 01657867
	MeasurementTime = 1971:317:16:06:42.726
	DAS = 01657862
	OrbitNum = 0
	FilterNum = 8
	Instrument = TV*B
	InstrumentPosition = (-78917.3, 62838.66, 35778.7)
	InstrumentPointing = (
		0.678944, 0.671413, 0.297049,
		0.028276, -0.428207, 0.903237,
		0.733644, -0.604849, -0.309714
	)
	Description = "PO3B31  P00095      NOTHING VISIBLE"
End_Group

Group = 01672711
	MeasurementTime = 1971:318:12:45:53.665
	DAS = 01672706
	OrbitNum = 1
	FilterNum = 2
	Instrument = TV*B
	InstrumentPosition = (-4643.07, 661.64, -4214.43)
	InstrumentPointing = (
		0.847209, -0.047162, -0.529161,
		-0.213791, 0.881572, -0.42086,
		0.486343, 0.469686, 0.736793
	)
	Description = "001B0131 00001       DARK CURRENT"
End_Group

Group = 01672746
	MeasurementTime = 1971:318:12:46:35.665
	DAS = 01672741
	OrbitNum = 1
	FilterNum = 2
	Instrument = TV*A
	InstrumentPosition = (-4540.03, 583.01, -4252.8)
	InstrumentPointing = (
		0.625992, 0.406768, -0.665336,
		-0.609107, 0.787797, -0.09145,
		0.486951, 0.462508, 0.740921
	)
	Description = "001A0231 00002       DARK CURRENT"
End_Group

Group = 01672851
	MeasurementTime = 1971:318:12:48:41.633
	DAS = 01672846
	OrbitNum = 1
	FilterNum = 2
	Instrument = TV*B
	InstrumentPosition = (-4222.55, 346.18, -4359.78)
	InstrumentPointing = (
		0.847623, -0.05024, -0.528213,
		-0.210005, 0.882449, -0.420928,
		0.487269, 0.467716, 0.737434
	)
	Description = "001B0331 00003"
End_Group

Group = 01672886
	MeasurementTime = 1971:318:12:49:23.633
	DAS = 01672881
	OrbitNum = 1
	FilterNum = 2
	Instrument = TV*A
	InstrumentPosition = (-4113.86, 266.95, -4392.59)
	InstrumentPointing = (
		0.627719, 0.405027, -0.664771,
		-0.606436, 0.789861, -0.091394,
		0.48806, 0.460512, 0.741435
	)
	Description = "001A0431 00004       LIMB"
End_Group

Group = 01672921
	MeasurementTime = 1971:318:12:50:05.637
	DAS = 01672916
	OrbitNum = 1
	FilterNum = 2
	Instrument = TV*B
	InstrumentPosition = (-4003.75, 187.62, -4423.88)
	InstrumentPointing = (
		0.847433, -0.051064, -0.52844,
		-0.208915, 0.882982, -0.420352,
		0.488068, 0.46662, 0.7376
	)
	Description = "001B0531 00005"
End_Group

Group = 01672956
	MeasurementTime = 1971:318:12:50:47.637
	DAS = 01672951
	OrbitNum = 1
	FilterNum = 2
	Instrument = TV*A
	InstrumentPosition = (-3892.23, 108.23, -4453.6)
	InstrumentPointing = (
		0.628486, 0.403759, -0.664817,
		-0.605091, 0.790855, -0.091719,
		0.488742, 0.45992, 0.741353
	)
	Description = "001A0631 00006"
End_Group

Group = 01672991
	MeasurementTime = 1971:318:12:51:29.640
	DAS = 01672986
	OrbitNum = 1
	FilterNum = 2
	Instrument = TV*B
	InstrumentPosition = (-3779.28, 28.8, -4481.7)
	InstrumentPointing = (
		0.847273, -0.052776, -0.528527,
		-0.207391, 0.883195, -0.420659,
		0.488994, 0.466026, 0.737363
	)
	Description = "001B0731 00007"
End_Group

Group = 01673026
	MeasurementTime = 1971:318:12:52:11.640
	DAS = 01673021
	OrbitNum = 1
	FilterNum = 2
	Instrument = TV*A
	InstrumentPosition = (-3664.92, -50.64, -4508.12)
	InstrumentPointing = (
		0.627684, 0.404044, -0.665402,
		-0.605383, 0.790723, -0.090926,
		0.489411, 0.459896, 0.740925
	)
	Description = "001A0831P00008"
End_Group

Group = 01673061
	MeasurementTime = 1971:318:12:52:53.643
	DAS = 01673056
	OrbitNum = 1
	FilterNum = 2
	Instrument = TV*B
	InstrumentPosition = (-3549.15, -130.07, -4532.81)
	InstrumentPointing = (
		0.846419, -0.050677, -0.530099,
		-0.210527, 0.882518, -0.420521,
		0.489133, 0.467538, 0.736312
	)
	Description = "001B0931P00009"
End_Group

Group = 01673096
	MeasurementTime = 1971:318:12:53:35.643
	DAS = 01673091
	OrbitNum = 1
	FilterNum = 2
	Instrument = TV*A
	InstrumentPosition = (-3431.98, -209.44, -4555.71)
	InstrumentPointing = (
		0.625024, 0.404843, -0.667417,
		-0.60783, 0.788868, -0.090708,
		0.489781, 0.462372, 0.739138
	)
	Description = "001A1031P00010      POLAR CAP ORANGE"
End_Group

Group = 01673131
	MeasurementTime = 1971:318:12:54:17.647
	DAS = 01673126
	OrbitNum = 1
	FilterNum = 2
	Instrument = TV*B
	InstrumentPosition = (-3313.41, -288.74, -4576.75)
	InstrumentPointing = (
		0.846464, -0.048121, -0.530265,
		-0.213833, 0.88134, -0.421324,
		0.487619, 0.470024, 0.735733
	)
	Description = "001B1131P00011"
End_Group

Group = 01673166
	MeasurementTime = 1971:318:12:54:59.647
	DAS = 01673161
	OrbitNum = 1
	FilterNum = 2
	Instrument = TV*A
	InstrumentPosition = (-3193.48, -367.91, -4595.89)
	InstrumentPointing = (
		0.624541, 0.40785, -0.666037,
		-0.611318, 0.78603, -0.091902,
		0.486043, 0.464558, 0.740234
	)
	Description = "001A1231P00012      POLAR CAP   ORANGE"
End_Group

Group = 01673201
	MeasurementTime = 1971:318:12:55:41.650
	DAS = 01673196
	OrbitNum = 1
	FilterNum = 2
	Instrument = TV*B
	InstrumentPosition = (-3072.16, -446.94, -4613.06)
	InstrumentPointing = (
		0.847924, -0.045695, -0.528143,
		-0.21471, 0.881299, -0.420963,
		0.484689, 0.470342, 0.737464
	)
	Description = "001B1331P00013"
End_Group

Group = 01673236
	MeasurementTime = 1971:318:12:56:23.650
	DAS = 01673231
	OrbitNum = 1
	FilterNum = 2
	Instrument = TV*A
	InstrumentPosition = (-2949.51, -525.76, -4628.21)
	InstrumentPointing = (
		0.626706, 0.408409, -0.663656,
		-0.610942, 0.786179, -0.093118,
		0.483722, 0.463814, 0.742218
	)
	Description = "001A1431P00014      ORANGE"
End_Group

Group = 01673271
	MeasurementTime = 1971:318:12:57:05.653
	DAS = 01673266
	OrbitNum = 1
	FilterNum = 2
	Instrument = TV*B
	InstrumentPosition = (-2825.52, -604.36, -4641.28)
	InstrumentPointing = (
		0.849673, -0.045586, -0.525335,
		-0.213167, 0.881527, -0.42127,
		0.482301, 0.469926, 0.739292
	)
	Description = "001B1531P00015"
End_Group

Group = 01673306
	MeasurementTime = 1971:318:12:57:47.653
	DAS = 01673301
	OrbitNum = 1
	FilterNum = 2
	Instrument = TV*A
	InstrumentPosition = (-2700.24, -682.67, -4652.2)
	InstrumentPointing = (
		0.628502, 0.409106, -0.661525,
		-0.610501, 0.786457, -0.093656,
		0.481946, 0.462726, 0.744051
	)
	Description = "001A1631P00016      ORANGE"
End_Group

Group = 01673341
	MeasurementTime = 1971:318:12:58:29.657
	DAS = 01673336
	OrbitNum = 1
	FilterNum = 2
	Instrument = TV*B
	InstrumentPosition = (-2573.67, -760.67, -4660.92)
	InstrumentPointing = (
		0.849459, -0.046235, -0.525623,
		-0.21232, 0.881997, -0.420714,
		0.48305, 0.46898, 0.739404
	)
	Description = "001B1731P00017"
End_Group

Group = 01673376
	MeasurementTime = 1971:318:12:59:11.657
	DAS = 01673371
	OrbitNum = 1
	FilterNum = 2
	Instrument = TV*A
	InstrumentPosition = (-2445.86, -838.29, -4667.37)
	InstrumentPointing = (
		0.627844, 0.40647, -0.663771,
		-0.608703, 0.787895, -0.093277,
		0.485068, 0.462604, 0.742095
	)
	Description = "001A1831P00018      ORANGE"
End_Group

Group = 01673411
	MeasurementTime = 1971:318:12:59:53.660
	DAS = 01673406
	OrbitNum = 1
	FilterNum = 2
	Instrument = TV*B
	InstrumentPosition = (-2316.82, -915.51, -4671.51)
	InstrumentPointing = (
		0.847696, -0.04947, -0.528169,
		-0.211165, 0.881892, -0.421515,
		0.486641, 0.468848, 0.73713
	)
	Description = "001B1931P00019      SOUTH OF HELLAS"
End_Group

Group = 01673446
	MeasurementTime = 1971:318:13:00:35.660
	DAS = 01673441
	OrbitNum = 1
	FilterNum = 2
	Instrument = TV*A
	InstrumentPosition = (-2186.62, -992.26, -4673.28)
	InstrumentPointing = (
		0.626055, 0.404939, -0.666392,
		-0.607092, 0.789445, -0.09063,
		0.48938, 0.461301, 0.740072
	)
	Description = "001A2031P00020      ORANGE  SOUTH OF HELLAS"
End_Group

Group = 01673481
	MeasurementTime = 1971:318:13:01:17.663
	DAS = 01673476
	OrbitNum = 1
	FilterNum = 2
	Instrument = TV*B
	InstrumentPosition = (-2055.27, -1068.5, -4672.61)
	InstrumentPointing = (
		0.846157, -0.050868, -0.530499,
		-0.210599, 0.882497, -0.42053,
		0.489556, 0.467558, 0.736018
	)
	Description = "001B2131P00021      SOUTH EDGE OF HELLAS"
End_Group

Group = 01673516
	MeasurementTime = 1971:318:13:01:59.663
	DAS = 01673511
	OrbitNum = 1
	FilterNum = 2
	Instrument = TV*A
	InstrumentPosition = (-1922.83, -1144.17, -4669.45)
	InstrumentPointing = (
		0.626534, 0.404366, -0.666289,
		-0.606252, 0.790097, -0.090575,
		0.489808, 0.460688, 0.740171
	)
	Description = "001A2231P00022      ORANGE   HELLAS"
End_Group

Group = 01673551
	MeasurementTime = 1971:318:13:02:41.666
	DAS = 01673546
	OrbitNum = 1
	FilterNum = 2
	Instrument = TV*B
	InstrumentPosition = (-1789.34, -1219.23, -4663.76)
	InstrumentPointing = (
		0.846463, -0.051577, -0.529942,
		-0.20974, 0.882522, -0.420906,
		0.489395, 0.467432, 0.736205
	)
	Description = "001B2331P00023      SOUTH OF ZEA LACUS   NO DETAIL"
End_Group

Group = 01673586
	MeasurementTime = 1971:318:13:03:23.666
	DAS = 01673581
	OrbitNum = 1
	FilterNum = 2
	Instrument = TV*A
	InstrumentPosition = (-1654.87, -1293.61, -4655.48)
	InstrumentPointing = (
		0.627103, 0.403662, -0.666181,
		-0.605612, 0.79053, -0.091076,
		0.489873, 0.460561, 0.740207
	)
	Description = "001A2431P00024      OVER ZEA LACUS     ORANGE      NO DETAIL"
End_Group

Group = 01673621
	MeasurementTime = 1971:318:13:04:05.630
	DAS = 01673616
	OrbitNum = 1
	FilterNum = 2
	Instrument = TV*B
	InstrumentPosition = (-1519.57, -1367.19, -4644.57)
	InstrumentPointing = (
		0.846348, -0.051925, -0.530091,
