1491192 0.711945 0.624504 0.321136 0.049589 -0.500874 0.864098 0.700481 -0.599265 -0.387563
1494272 0.708531 0.625727 0.326263 0.044722 -0.501226 0.864159 0.70426 -0.597693 -0.383118
1497352 0.707436 0.629395 0.321551 0.051736 -0.499849 0.864565 0.704881 -0.594988 -0.386174
1500432 0.706642 0.626803 0.328288 0.045101 -0.502924 0.863152 0.706131 -0.595134 -0.383657
1503512 0.708698 0.626066 0.325249 0.049917 -0.504353 0.862053 0.703743 -0.5947 -0.388685
1504492 0.723237 0.615597 0.312998 0.040772 -0.490498 0.870487 0.689395 -0.616807 -0.379845
1506592 0.707328 0.628058 0.32439 0.048347 -0.500809 0.864206 0.70523 -0.595593 -0.384601
1509672 0.70584 0.627702 0.328296 0.046116 -0.503189 0.862944 0.706868 -0.593961 -0.384118
1510512 0.730499 0.609944 0.307145 0.043718 -0.490602 0.870285 0.681512 -0.622315 -0.38505
1512752 0.706547 0.62682 0.328461 0.046643 -0.504387 0.862216 0.706127 -0.593876 -0.38561
1515832 0.707045 0.62593 0.329085 0.047957 -0.506727 0.860771 0.705539 -0.592822 -0.388297
1516532 0.729114 0.61382 0.302684 0.046992 -0.486124 0.872625 0.682776 -0.622019 -0.383285
1518912 0.706688 0.628191 0.325526 0.051733 -0.504738 0.86172 0.705631 -0.592127 -0.389191
1520242 0.735427 0.598285 0.31812 0.056904 -0.522351 0.850829 0.675209 -0.60762 -0.418196
1521992 0.709338 0.625066 0.325776 0.050803 -0.506316 0.860849 0.703034 -0.594083 -0.390905
1523532 0.733252 0.608089 0.304248 0.050032 -0.494491 0.867741 0.678112 -0.621051 -0.393011
1525072 0.70863 0.626906 0.323775 0.053367 -0.505186 0.861358 0.703558 -0.593106 -0.391447
1528152 0.708805 0.626153 0.324848 0.051906 -0.505563 0.861226 0.703491 -0.59358 -0.390848
1531232 0.708657 0.626104 0.325266 0.051889 -0.506008 0.860966 0.703642 -0.593251 -0.391074
1534312 0.708261 0.630255 0.31803 0.054222 -0.497736 0.865631 0.703864 -0.595849 -0.386701
1534347 0.642234 0.286984 0.710756 -0.306196 -0.754012 0.581126 0.702693 -0.59085 -0.396379
1546632 0.704854 0.630363 0.325302 0.051562 -0.502909 0.862799 0.707475 -0.591374 -0.386981
1549712 0.704432 0.632211 0.322619 0.052307 -0.499545 0.864707 0.707841 -0.592252 -0.384964
1552792 0.703355 0.631652 0.326045 0.05205 -0.503211 0.862594 0.70893 -0.589739 -0.386814
1555872 0.702399 0.631962 0.327502 0.050063 -0.50284 0.862928 0.71002 -0.589724 -0.384833
1558952 0.703985 0.629755 0.328348 0.051201 -0.506122 0.86094 0.708366 -0.589277 -0.388547
1562032 0.705173 0.631393 0.322603 0.048163 -0.496594 0.866645 0.707397 -0.595597 -0.380594
1565112 0.702959 0.630992 0.32817 0.046822 -0.501469 0.863907 0.709686 -0.591926 -0.382057
1568192 0.704896 0.631461 0.323073 0.046526 -0.495657 0.86727 0.707782 -0.596304 -0.378767
1571272 0.704672 0.630119 0.326169 0.044871 -0.498352 0.865812 0.708112 -0.595478 -0.379449
1573512 0.67892 0.652642 0.336338 0.046748 -0.495591 0.867296 0.732721 -0.573102 -0.366977
1574352 0.703815 0.634309 0.319835 0.054494 -0.497112 0.865973 0.708289 -0.592056 -0.384441
1576522 0.683075 0.651238 0.3306 0.047693 -0.49147 0.869587 0.728788 -0.578226 -0.366771
1577432 0.701612 0.634698 0.323879 0.051368 -0.498399 0.865424 0.710704 -0.590555 -0.382286
1579532 0.682137 0.651092 0.332816 0.048058 -0.494085 0.868084 0.729643 -0.576157 -0.368324
1580512 0.702871 0.634224 0.322073 0.048057 -0.49409 0.868081 0.709691 -0.594671 -0.377761
1583592 0.703691 0.632021 0.324602 0.047648 -0.497811 0.865975 0.708906 -0.593912 -0.38042
1586672 0.705331 0.632034 0.320999 0.051002 -0.4969 0.866307 0.70704 -0.594662 -0.382714
1589752 0.704664 0.632851 0.320852 0.05162 -0.496724 0.866371 0.70766 -0.593939 -0.382692
1592832 0.701727 0.635288 0.322469 0.046239 -0.492281 0.869207 0.710943 -0.595035 -0.374823
1594512 0.734455 0.613927 0.289253 0.044448 -0.468815 0.882177 0.677199 -0.635063 -0.371611
1595912 0.699246 0.637373 0.323743 0.050385 -0.495677 0.867043 0.713103 -0.589964 -0.378715
1598012 0.7385 0.607827 0.291826 0.041014 -0.47251 0.88037 0.673004 -0.638184 -0.373878
1598992 0.699054 0.63851 0.321913 0.04811 -0.491163 0.869737 0.713448 -0.592506 -0.374069
1602072 0.699834 0.637211 0.32279 0.045285 -0.490564 0.870227 0.712868 -0.594397 -0.37217
1603542 0.740303 0.605052 0.293023 0.036896 -0.471781 0.880943 0.671259 -0.641353 -0.371585
1605152 0.702769 0.634025 0.322687 0.044224 -0.49164 0.869674 0.710042 -0.596909 -0.373549
1608232 0.70059 0.636821 0.321918 0.044945 -0.489627 0.870772 0.712146 -0.595585 -0.37165
1611312 0.700044 0.636413 0.323907 0.046942 -0.49362 0.868409 0.712554 -0.592719 -0.375431
1614392 0.69749 0.639252 0.323825 0.048283 -0.492792 0.868806 0.714965 -0.590348 -0.374582
1617472 0.69738 0.639729 0.323119 0.049214 -0.492524 0.868906 0.715009 -0.590055 -0.37496
1618242 0.74219 0.600443 0.297692 0.050908 -0.493419 0.8683 0.668252 -0.629289 -0.396778
1632032 0.688902 0.639647 0.340976 0.051847 -0.512685 0.857009 0.722997 -0.572716 -0.386354
1632522 0.689485 0.640419 0.338337 0.056868 -0.513547 0.856174 0.722063 -0.571079 -0.390503
1632872 0.686913 0.64337 0.33797 0.058641 -0.512604 0.85662 0.724368 -0.568605 -0.389843
1632942 0.68668 0.643481 0.338233 0.059311 -0.513312 0.856149 0.724536 -0.567839 -0.390647
1639032 0.693711 0.645537 0.319444 0.038229 -0.475893 0.878671 0.719237 -0.597332 -0.354811
1639102 0.694013 0.641999 0.325855 0.042952 -0.488715 0.871385 0.718679 -0.590756 -0.36675
1640292 0.657958 0.674972 0.333921 0.047273 -0.479569 0.876229 0.751569 -0.560736 -0.347445
1643792 0.687605 0.656745 0.309651 0.041524 -0.461337 0.886252 0.724896 -0.596533 -0.344489
1644282 0.686448 0.655352 0.315121 0.0397 -0.466476 0.883641 0.726093 -0.594064 -0.34623
1645192 0.690881 0.652788 0.310723 0.036878 -0.46105 0.886607 0.722026 -0.601081 -0.342605
1645262 0.693913 0.647187 0.315647 0.041164 -0.473301 0.879938 0.718881 -0.597607 -0.355071
1645332 0.692027 0.645438 0.323275 0.045614 -0.486033 0.872748 0.720428 -0.58922 -0.365789
1645542 0.599163 0.699137 0.39014 0.061752 -0.526198 0.848116 0.798241 -0.484068 -0.358452
1651352 0.688598 0.658942 0.3027 0.034274 -0.446544 0.894104 0.724332 -0.605304 -0.330074
1651422 0.680029 0.664746 0.309308 0.037837 -0.453125 0.890643 0.732208 -0.593959 -0.33329
1651492 0.691696 0.653371 0.307672 0.042379 -0.462016 0.885858 0.720944 -0.599705 -0.347264
1651562 0.677942 0.661906 0.319801 0.044253 -0.470994 0.881025 0.733781 -0.583132 -0.348598
1651632 0.683722 0.653864 0.324013 0.046916 -0.482479 0.874649 0.728232 -0.582816 -0.360559
1652052 0.552399 0.72836 0.405395 0.053361 -0.516231 0.854784 0.831869 -0.45055 -0.324032
1656042 0.516131 0.750505 0.412735 0.047167 -0.506054 0.86121 0.855209 -0.425029 -0.29659
1657512 0.679336 0.658288 0.32428 0.042613 -0.476546 0.878116 0.732588 -0.582718 -0.351787
1657547 0.61154 0.323407 0.722098 -0.30238 -0.747838 0.591019 0.731152 -0.57978 -0.359541
1657582 0.686012 0.656658 0.313345 0.037641 -0.462116 0.88602 0.726615 -0.596026 -0.341735
1657617 0.614862 0.330456 0.71606 -0.310386 -0.733293 0.60493 0.724985 -0.594204 -0.348305
1657652 0.674867 0.666346 0.317072 0.037261 -0.459895 0.88719 0.736997 -0.586922 -0.335197
1657687 0.605111 0.339991 0.719892 -0.305023 -0.736226 0.604095 0.735391 -0.585129 -0.341793
1657722 0.675408 0.669769 0.308598 0.032729 -0.445283 0.894791 0.736717 -0.594249 -0.322668
1657757 0.603506 0.350274 0.716301 -0.309119 -0.725308 0.61512 0.735 -0.592651 -0.329451
1657792 0.688419 0.659632 0.3016 0.032512 -0.443468 0.8957 0.724583 -0.606811 -0.326739
1657827 0.614714 0.341745 0.71087 -0.31571 -0.719308 0.618807 0.722809 -0.604818 -0.334276
1672706 0.847209 -0.047162 -0.529161 -0.213791 0.881572 -0.42086 0.486343 0.469686 0.736793
1672741 0.625992 0.406768 -0.665336 -0.609107 0.787797 -0.09145 0.486951 0.462508 0.740921
1672846 0.847623 -0.05024 -0.528213 -0.210005 0.882449 -0.420928 0.487269 0.467716 0.737434
1672881 0.627719 0.405027 -0.664771 -0.606436 0.789861 -0.091394 0.48806 0.460512 0.741435
1672916 0.847433 -0.051064 -0.52844 -0.208915 0.882982 -0.420352 0.488068 0.46662 0.7376
1672951 0.628486 0.403759 -0.664817 -0.605091 0.790855 -0.091719 0.488742 0.45992 0.741353
1672986 0.847273 -0.052776 -0.528527 -0.207391 0.883195 -0.420659 0.488994 0.466026 0.737363
1673021 0.627684 0.404044 -0.665402 -0.605383 0.790723 -0.090926 0.489411 0.459896 0.740925
1673056 0.846419 -0.050677 -0.530099 -0.210527 0.882518 -0.420521 0.489133 0.467538 0.736312
1673091 0.625024 0.404843 -0.667417 -0.60783 0.788868 -0.090708 0.489781 0.462372 0.739138
1673126 0.846464 -0.048121 -0.530265 -0.213833 0.88134 -0.421324 0.487619 0.470024 0.735733
1673161 0.624541 0.40785 -0.666037 -0.611318 0.78603 -0.091902 0.486043 0.464558 0.740234
1673196 0.847924 -0.045695 -0.528143 -0.21471 0.881299 -0.420963 0.484689 0.470342 0.737464
1673231 0.626706 0.408409 -0.663656 -0.610942 0.786179 -0.093118 0.483722 0.463814 0.742218
1673266 0.849673 -0.045586 -0.525335 -0.213167 0.881527 -0.42127 0.482301 0.469926 0.739292
1673301 0.628502 0.409106 -0.661525 -0.610501 0.786457 -0.093656 0.481946 0.462726 0.744051
1673336 0.849459 -0.046235 -0.525623 -0.21232 0.881997 -0.420714 0.48305 0.46898 0.739404
1673371 0.627844 0.40647 -0.663771 -0.608703 0.787895 -0.093277 0.485068 0.462604 0.742095
1673406 0.847696 -0.04947 -0.528169 -0.211165 0.881892 -0.421515 0.486641 0.468848 0.73713
1673441 0.626055 0.404939 -0.666392 -0.607092 0.789445 -0.09063 0.48938 0.461301 0.740072
1673476 0.846157 -0.050868 -0.530499 -0.210599 0.882497 -0.42053 0.489556 0.467558 0.736018
1673511 0.626534 0.404366 -0.666289 -0.606252 0.790097 -0.090575 0.489808 0.460688 0.740171
1673546 0.846463 -0.051577 -0.529942 -0.20974 0.882522 -0.420906 0.489395 0.467432 0.736205
1673581 0.627103 0.403662 -0.666181 -0.605612 0.79053 -0.091076 0.489873 0.460561 0.740207
1673616 0.846348 -0.051925 -0.530091 -0.209127 0.882918 -0.420381 0.489856 0.466646 0.736398
1673651 0.627663 0.403636 -0.665669 -0.605331 0.790718 -0.091308 0.489502 0.460261 0.740639
1673686 0.847871 -0.051408 -0.527703 -0.208339 0.882926 -0.420756 0.487553 0.466688 0.737897
1673721 0.629649 0.405201 -0.662837 -0.605754 0.790277 -0.092317 0.486418 0.459644 0.74305
1673756 0.849659 -0.049953 -0.524959 -0.207695 0.883336 -0.420214 0.484706 0.46607 0.74016
1673791 0.631709 0.405509 -0.660685 -0.605901 0.789905 -0.094508 0.483554 0.460012 0.74469
1673826 0.850871 -0.049424 -0.523043 -0.207583 0.882929 -0.421122 0.482624 0.466896 0.741
1673861 0.629256 0.406884 -0.662178 -0.608133 0.788307 -0.093512 0.483951 0.461536 0.743488
1673896 0.848316 -0.046757 -0.52742 -0.213012 0.881795 -0.420787 0.484752 0.469307 0.738082
1710786 0.949133 0.305273 -0.077161 -0.29455 0.947413 0.125093 0.111291 -0.096002 0.989139
1710821 0.670732 0.741696 0.001901 -0.73322 0.662676 0.152473 0.111828 -0.103663 0.988305
1710856 0.94923 0.305217 -0.076181 -0.294534 0.947352 0.125591 0.110503 -0.096777 0.989152
1710891 0.670528 0.741876 0.003382 -0.733524 0.662283 0.152714 0.111055 -0.104881 0.988264
1710926 0.94914 0.305697 -0.075378 -0.294985 0.947085 0.126539 0.110072 -0.097868 0.989093
1710961 0.670295 0.742081 0.004338 -0.733766 0.661888 0.153268 0.110865 -0.105918 0.988175
1710996 0.949088 0.30599 -0.074845 -0.295279 0.946931 0.127005 0.109735 -0.098439 0.989074
1711031 0.666705 0.745283 0.007532 -0.736424 0.657156 0.1607 0.114817 -0.112686 0.986974
1711066 0.948991 0.306208 -0.075181 -0.295409 0.946825 0.12749 0.110222 -0.098778 0.988986
1711101 0.669924 0.742415 0.004463 -0.733992 0.661396 0.154301 0.111603 -0.106646 0.988013
1711136 0.948809 0.306539 -0.076116 -0.295535 0.946653 0.128475 0.111438 -0.099403 0.988787
1711171 0.669823 0.742511 0.003677 -0.733884 0.661272 0.155344 0.112913 -0.106752 0.987853
1711206 0.948702 0.306499 -0.077593 -0.295346 0.946709 0.128497 0.112842 -0.098989 0.988669
1711241 0.670569 0.741819 0.006367 -0.73366 0.661873 0.153836 0.109904 -0.107829 0.988075
1711276 0.949918 0.304707 -0.069337 -0.294384 0.946996 0.128589 0.104844 -0.101738 0.98927
1711311 0.672586 0.739897 0.013345 -0.732879 0.663491 0.150551 0.102538 -0.111039 0.988512
1711346 0.95064 0.302583 -0.068747 -0.292303 0.947609 0.128822 0.104125 -0.102369 0.989281
1711381 0.673331 0.739296 0.008076 -0.731419 0.664483 0.153255 0.107934 -0.109098 0.988153
1711416 0.950359 0.301891 -0.075352 -0.290922 0.948015 0.128958 0.110366 -0.100635 0.988782
1711451 0.672916 0.739706 0.004259 -0.731229 0.664313 0.154891 0.111744 -0.107344 0.987922
1711486 0.949578 0.304638 -0.074133 -0.293875 0.947214 0.128148 0.109259 -0.099901 0.98898
1711521 0.669846 0.742466 0.007014 -0.734489 0.661206 0.152744 0.108769 -0.107467 0.98824
1711556 0.948685 0.30818 -0.070851 -0.29784 0.946101 0.127213 0.106237 -0.099583 0.989341
1711591 0.667046 0.744957 0.009366 -0.737468 0.658451 0.150271 0.105778 -0.107145 0.9886
1711626 0.948281 0.309802 -0.069171 -0.299701 0.945608 0.1265 0.104599 -0.099227 0.989551
1711661 0.667882 0.744218 0.00848 -0.736697 0.659426 0.149778 0.105875 -0.106281 0.988683
1711696 0.948826 0.307821 -0.070529 -0.297672 0.946351 0.125734 0.10545 -0.098305 0.989553
1711731 0.669494 0.742788 0.006444 -0.735098 0.661266 0.149524 0.106803 -0.104843 0.988736
1711766 0.949404 0.305653 -0.072155 -0.295483 0.947202 0.124483 0.106395 -0.096864 0.989594
1711801 0.671065 0.741383 0.00467 -0.733508 0.662993 0.149683 0.107876 -0.103873 0.988722
1711836 0.949977 0.30348 -0.073776 -0.293293 0.948047 0.123224 0.10734 -0.095422 0.989632
1711871 0.672846 0.739776 0.002729 -0.731753 0.664997 0.149385 0.108696 -0.10251 0.988775
1711906 0.950476 0.301456 -0.07562 -0.291071 0.948701 0.123458 0.108958 -0.095333 0.989464
1748586 0.972747 0.183558 -0.141665 -0.224983 0.894987 -0.3852 0.056082 0.406575 0.911894
1748621 0.725507 0.612791 -0.313247 -0.685899 0.681124 -0.256148 0.056394 0.400694 0.914474
1748656 0.972391 0.184481 -0.142901 -0.226437 0.89394 -0.386776 0.056392 0.408456 0.911034
1748691 0.723885 0.613949 -0.31473 -0.68756 0.679664 -0.255571 0.057003 0.4014 0.914126
1748726 0.971798 0.186335 -0.144524 -0.228798 0.893432 -0.386562 0.057092 0.408727 0.910868
1748761 0.722067 0.615296 -0.316274 -0.689356 0.678477 -0.253882 0.058372 0.401346 0.914064
1748796 0.971311 0.187204 -0.146659 -0.230398 0.893559 -0.385316 0.058915 0.408051 0.911055
1748831 0.722203 0.614529 -0.317452 -0.689037 0.679279 -0.252599 0.060409 0.401164 0.914011
1748866 0.971582 0.185955 -0.146453 -0.229217 0.89351 -0.386131 0.059054 0.408728 0.910743
1748901 0.723105 0.61423 -0.315972 -0.6883 0.679139 -0.254975 0.057975 0.401858 0.913864
1748936 0.971905 0.18645 -0.143652 -0.228543 0.893508 -0.386537 0.056284 0.408508 0.911017
1748971 0.723534 0.61494 -0.313601 -0.688037 0.679109 -0.255762 0.05569 0.400822 0.914461
1749006 0.972078 0.186985 -0.141772 -0.228202 0.894016 -0.385561 0.054652 0.407149 0.911725
1749041 0.723829 0.615558 -0.311703 -0.687836 0.679322 -0.255736 0.054326 0.39951 0.915117
1749076 0.972262 0.187292 -0.140098 -0.227766 0.89435 -0.385044 0.053181 0.406273 0.912202
1749111 0.724354 0.615611 -0.310373 -0.687415 0.67928 -0.256979 0.05263 0.3995 0.91522
1749146 0.972517 0.187136 -0.138529 -0.227029 0.894166 -0.385905 0.051651 0.406749 0.912078
1749181 0.724904 0.615203 -0.309899 -0.686911 0.679305 -0.258257 0.051635 0.400086 0.915021
1749216 0.972543 0.185831 -0.140094 -0.226495 0.894125 -0.386314 0.053472 0.407438 0.911665
1749251 0.724815 0.613666 -0.313139 -0.686687 0.680254 -0.256347 0.055702 0.400833 0.914455
1749286 0.972277 0.184263 -0.143956 -0.226584 0.894505 -0.38538 0.057758 0.407315 0.911459
1749321 0.724632 0.612444 -0.315943 -0.686484 0.681688 -0.253059 0.06039 0.400265 0.914407
1749356 0.972149 0.182985 -0.14643 -0.226425 0.894553 -0.385363 0.060474 0.407786 0.911072
1749391 0.725017 0.611629 -0.316636 -0.686082 0.681658 -0.254228 0.060344 0.401559 0.913842
1749426 0.972352 0.18272 -0.145409 -0.22585 0.894115 -0.386714 0.059352 0.408863 0.910663
1749461 0.725321 0.611565 -0.316064 -0.685839 0.68159 -0.255064 0.059438 0.401773 0.913808
1749496 0.972444 0.182714 -0.144802 -0.225591 0.894193 -0.386687 0.058828 0.408697 0.910771
1749531 0.72545 0.611787 -0.315337 -0.685738 0.681745 -0.254922 0.059021 0.401172 0.914098
1749566 0.972474 0.182949 -0.1443 -0.225539 0.894615 -0.385739 0.058522 0.407667 0.911253
1749601 0.725269 0.612637 -0.314102 -0.685972 0.68184 -0.254038 0.058534 0.399711 0.914769
1749636 0.972553 0.183167 -0.143488 -0.225375 0.894867 -0.38525 0.057837 0.407015 0.911588
1749671 0.725804 0.612132 -0.313849 -0.685467 0.681917 -0.25519 0.057809 0.400351 0.914536
1779190 0.780412 -0.102621 -0.616785 -0.221679 0.876951 -0.426396 0.584648 0.469493 0.661635
1779225 0.562772 0.356979 -0.745555 -0.581939 0.811653 -0.050641 0.587054 0.462367 0.664517
1779260 0.777758 -0.103715 -0.619947 -0.222214 0.877233 -0.425538 0.587973 0.468727 0.659228
1779295 0.561508 0.355156 -0.747376 -0.581165 0.812206 -0.050669 0.589028 0.4628 0.662465
1779330 0.777915 -0.105025 -0.619529 -0.222038 0.876386 -0.427371 0.587832 0.470018 0.658434
1779365 0.562218 0.354615 -0.747099 -0.581683 0.811722 -0.052448 0.587838 0.464063 0.662639
1779400 0.778593 -0.104417 -0.61878 -0.222586 0.875991 -0.427895 0.586725 0.470889 0.658799
1779435 0.562237 0.355225 -0.746795 -0.582491 0.811125 -0.052713 0.58702 0.464639 0.662961
1779470 0.778852 -0.103709 -0.618573 -0.223288 0.875773 -0.427975 0.586115 0.47145 0.65894
1779505 0.561526 0.356201 -0.746865 -0.583614 0.810344 -0.052311 0.586584 0.465255 0.662914
1779540 0.778554 -0.102254 -0.61919 -0.224745 0.875771 -0.427215 0.585954 0.471771 0.658854
1779575 0.560249 0.357737 -0.747091 -0.584704 0.809655 -0.050778 0.58672 0.465276 0.662779
1779610 0.777643 -0.100665 -0.620594 -0.226616 0.875864 -0.426036 0.586443 0.471941 0.658297
1779645 0.558759 0.357888 -0.748133 -0.585628 0.809012 -0.050376 0.58722 0.466276 0.661632
1779680 0.776794 -0.100059 -0.621754 -0.228413 0.875301 -0.426232 0.58687 0.473112 0.657074
1779715 0.560384 0.35756 -0.747073 -0.584932 0.809455 -0.051343 0.586364 0.465759 0.662755
1779750 0.780043 -0.102211 -0.61732 -0.223128 0.876274 -0.427031 0.58459 0.470845 0.660725
1779785 0.565855 0.356459 -0.743467 -0.581852 0.811515 -0.053763 0.58417 0.46301 0.666607
1779820 0.783017 -0.103124 -0.613391 -0.219396 0.876985 -0.427507 0.582022 0.469321 0.664069
1779855 0.565838 0.356495 -0.743463 -0.582955 0.810642 -0.05497 0.583086 0.46451 0.666513
1779890 0.780206 -0.101668 -0.617204 -0.224618 0.875356 -0.428132 0.583801 0.472666 0.660122
1779925 0.559446 0.357066 -0.748012 -0.586314 0.808372 -0.052631 0.585879 0.468014 0.661594
1779960 0.777129 -0.102154 -0.620994 -0.227404 0.874488 -0.428435 0.586818 0.474166 0.65636
1779995 0.560622 0.355799 -0.747736 -0.583518 0.810442 -0.05186 0.587545 0.465391 0.661967
1780030 0.778553 -0.104302 -0.61885 -0.221877 0.87666 -0.426891 0.587047 0.469667 0.659384
1780065 0.563911 0.355568 -0.745368 -0.580032 0.812995 -0.050996 0.587848 0.461095 0.664699
1780100 0.779313 -0.10365 -0.618002 -0.221021 0.877376 -0.425864 0.586361 0.468473 0.660841
1780135 0.562792 0.357646 -0.74522 -0.582825 0.810999 -0.050937 0.586155 0.463 0.664869
1780170 0.779432 -0.10096 -0.618296 -0.224654 0.876249 -0.426283 0.58482 0.471162 0.660296
1780205 0.561282 0.358139 -0.746121 -0.5858 0.808754 -0.052475 0.584635 0.466531 0.663738
1780240 0.779652 -0.099563 -0.618246 -0.227728 0.874603 -0.428028 0.583336 0.474505 0.659213
1780275 0.560791 0.357755 -0.746675 -0.587109 0.807707 -0.053951 0.583793 0.468635 0.662997
1780310 0.779909 -0.100694 -0.617738 -0.226771 0.874452 -0.428845 0.583365 0.474546 0.659159
1814820 0.438882 0.897492 -0.043479 -0.153048 0.122348 0.980615 0.885414 -0.42372 0.191056
1814855 0.305761 0.834421 0.458531 -0.348598 -0.350043 0.869453 0.885995 -0.425689 0.183848
1814960 0.435739 0.891501 -0.123921 -0.181538 0.221898 0.958021 0.881575 -0.394951 0.258531
1814995 0.290254 0.878859 0.378627 -0.372019 -0.260908 0.890802 0.881676 -0.399415 0.251222
1815100 0.437504 0.869231 -0.230276 -0.215537 0.34999 0.911619 0.873002 -0.349204 0.340474
1815135 0.271206 0.925585 0.26408 -0.403398 -0.139801 0.904281 0.873908 -0.351776 0.335464
1815240 0.45377 0.819823 -0.349258 -0.261148 0.497065 0.827482 0.851994 -0.284278 0.439649
1815275 0.2638 0.957357 0.117797 -0.448573 0.013646 0.893641 0.853927 -0.288584 0.433044
1815380 0.503762 0.716401 -0.482692 -0.294073 0.667622 0.683959 0.812245 -0.202606 0.546998
1815415 0.292279 0.953877 -0.068488 -0.502182 0.214032 0.837855 0.81387 -0.210494 0.541577
1815520 0.605583 0.544691 -0.580155 -0.31657 0.833763 0.45235 0.730104 -0.090275 0.677346
1815555 0.367679 0.890267 -0.268768 -0.57815 0.445202 0.683766 0.728391 -0.096018 0.6784
1815730 0.830633 0.255197 -0.494895 -0.302731 0.952929 -0.016717 0.467334 0.163706 0.868791
1815765 0.5677 0.701952 -0.430091 -0.679475 0.694497 0.236612 0.464788 0.157911 0.871226
1815940 0.974231 0.197217 -0.109448 -0.225253 0.875677 -0.427142 0.011601 0.440788 0.897535
1815975 0.725787 0.616433 -0.305355 -0.687857 0.656239 -0.310164 0.00919 0.435154 0.900308
1816080 0.971773 0.234464 -0.026131 -0.217961 0.84991 -0.479733 -0.09027 0.471887 0.877025
1816115 0.72812 0.635023 -0.258041 -0.679073 0.617055 -0.397618 -0.093271 0.464743 0.880519
1816150 0.971356 0.236816 -0.019593 -0.217007 0.850456 -0.479199 -0.096818 0.469725 0.877487
1816185 0.727978 0.637252 -0.252896 -0.678574 0.617036 -0.398499 -0.097898 0.461707 0.881613
1816220 0.971329 0.237014 -0.018501 -0.21687 0.851513 -0.477379 -0.097391 0.467705 0.878502
1816255 0.72803 0.637219 -0.25283 -0.678742 0.618171 -0.396448 -0.096331 0.460233 0.882556
1816290 0.971473 0.23635 -0.01945 -0.21688 0.852271 -0.476021 -0.095931 0.46666 0.879218
1816325 0.725439 0.639437 -0.25467 -0.681615 0.616033 -0.394845 -0.095593 0.460023 0.882745
1816360 0.971614 0.23569 -0.020401 -0.21689 0.853026 -0.474663 -0.09447 0.465614 0.87993
1816395 0.728352 0.63667 -0.253284 -0.67879 0.619981 -0.39353 -0.093517 0.458556 0.88373
1816430 0.971769 0.234966 -0.021319 -0.216779 0.853565 -0.473742 -0.093116 0.46499 0.880405
1816465 0.728548 0.636226 -0.253836 -0.678801 0.620849 -0.392141 -0.091896 0.457998 0.88419
1816500 0.97194 0.234146 -0.022499 -0.216702 0.854093 -0.472826 -0.091493 0.464434 0.880868
1816535 0.728815 0.63535 -0.255259 -0.678825 0.621691 -0.390763 -0.089579 0.458071 0.88439
1816570 0.972124 0.233327 -0.023055 -0.216199 0.854003 -0.473218 -0.090725 0.465012 0.880643
1816605 0.729307 0.634798 -0.255226 -0.678241 0.621717 -0.391734 -0.089993 0.4588 0.88397
1816640 0.972357 0.232309 -0.023501 -0.215337 0.853273 -0.474926 -0.090276 0.466858 0.879711
1845585 0.63749 0.290357 0.713651 -0.308523 -0.752556 0.581784 0.705988 -0.591059 -0.390165
1845655 0.638454 0.288253 0.713642 -0.309284 -0.752974 0.580838 0.704782 -0.591557 -0.391587
1845725 0.638954 0.287657 0.713435 -0.310704 -0.751921 0.581443 0.703704 -0.593183 -0.391067
1845795 0.639376 0.288413 0.712752 -0.310524 -0.751166 0.582514 0.7034 -0.593773 -0.390718
1845865 0.639798 0.289167 0.712067 -0.310344 -0.75041 0.583584 0.703096 -0.594362 -0.390369
1845935 0.640013 0.289935 0.711561 -0.310234 -0.749723 0.584525 0.702949 -0.594854 -0.389884
1846005 0.640228 0.290703 0.711055 -0.310124 -0.749035 0.585464 0.702802 -0.595346 -0.389399
1846075 0.64065 0.291453 0.710367 -0.309942 -0.748275 0.586531 0.702497 -0.595935 -0.389048
1846145 0.640957 0.291919 0.709899 -0.309699 -0.747881 0.587161 0.702324 -0.596201 -0.388952
1846215 0.641172 0.292684 0.709389 -0.309589 -0.747191 0.588098 0.702177 -0.596691 -0.388466
1850625 0.078921 0.99125 -0.105796 -0.372867 0.127776 0.919044 0.924521 -0.033084 0.37969
1850695 0.106481 0.96386 -0.244203 -0.408341 0.266323 0.873114 0.906597 0.006748 0.421942
1850835 0.202169 0.834258 -0.512971 -0.485185 0.54031 0.687502 0.850719 0.109893 0.514004
1850905 0.266523 0.747526 -0.608414 -0.522069 0.642592 0.560819 0.81019 0.168163 0.561526
1850975 0.335588 0.65237 -0.679553 -0.547469 0.722118 0.422872 0.766587 0.230123 0.599488
1851045 0.409428 0.560831 -0.719608 -0.570139 0.773049 0.278093 0.712256 0.296417 0.63626
1852130 0.909786 0.202572 -0.362288 -0.279086 0.944613 -0.17267 0.307244 0.258203 0.915932
1852165 0.644972 0.654115 -0.395149 -0.699568 0.713487 0.039227 0.307594 0.251133 0.917778
1852200 0.909448 0.204661 -0.361961 -0.28107 0.944074 -0.172402 0.306434 0.258527 0.916111
1852235 0.643482 0.655778 -0.394821 -0.70128 0.7118 0.039313 0.306815 0.251583 0.917916
1852270 0.909173 0.206525 -0.361594 -0.282972 0.943465 -0.172627 0.305499 0.259269 0.916214
1852305 0.642276 0.657081 -0.394619 -0.702786 0.710334 0.038933 0.305894 0.252327 0.918019
1852410 0.90847 0.210018 -0.361349 -0.286671 0.942266 -0.173069 0.30414 0.260817 0.916227
1852445 0.639789 0.659494 -0.394635 -0.705627 0.707539 0.038428 0.304563 0.253879 0.918033
1852480 0.908354 0.21117 -0.360969 -0.287798 0.941897 -0.173207 0.303419 0.26122 0.916351
1852515 0.639879 0.659776 -0.394017 -0.705879 0.707309 0.038041 0.303791 0.253786 0.918315
1852550 0.908628 0.211647 -0.359999 -0.288017 0.941824 -0.173239 0.30239 0.261096 0.916727
1852585 0.640097 0.659927 -0.393409 -0.706177 0.707063 0.037081 0.302636 0.254081 0.918614
1852620 0.908968 0.211902 -0.35899 -0.288156 0.941686 -0.173762 0.301235 0.261389 0.917023
1852655 0.64218 0.658737 -0.392005 -0.703396 0.709657 0.04023 0.30469 0.2499 0.919082
1852690 0.909221 0.209335 -0.359853 -0.284613 0.94339 -0.170323 0.303827 0.257281 0.91733
1852725 0.642177 0.658743 -0.392001 -0.703403 0.709651 0.040226 0.304684 0.249902 0.919084
1884260 0.635451 0.768906 0.070594 -0.133771 0.019584 0.990818 0.760464 -0.63906 0.115302
1884295 0.485079 0.669462 0.562599 -0.432387 -0.375588 0.81974 0.760091 -0.6409 0.107277
1884330 0.635159 0.769208 0.06994 -0.132647 0.019426 0.990972 0.760905 -0.638702 0.114372
1884365 0.484819 0.670386 0.561721 -0.430482 -0.376162 0.820479 0.761337 -0.639596 0.106218
1884400 0.634701 0.769577 0.070031 -0.131468 0.018232 0.991152 0.761491 -0.638293 0.112747
1884435 0.484975 0.670341 0.561641 -0.429379 -0.376963 0.820689 0.76186 -0.639171 0.105013
1884470 0.634259 0.770032 0.069018 -0.130423 0.018577 0.991284 0.762039 -0.637733 0.112213
1884505 0.48524 0.670763 0.560907 -0.428408 -0.376835 0.821255 0.762238 -0.638804 0.104505
1884540 0.634655 0.769759 0.068424 -0.130157 0.019194 0.991307 0.761755 -0.638045 0.112371
1884575 0.486318 0.670146 0.560712 -0.428534 -0.376309 0.821431 0.76148 -0.639761 0.104174
1884610 0.636906 0.767862 0.06883 -0.130242 0.019171 0.991296 0.75986 -0.640327 0.112218
1884645 0.488099 0.665631 0.564529 -0.425961 -0.382873 0.819734 0.761784 -0.640579 0.096653
1884680 0.636343 0.768422 0.067773 -0.128718 0.019144 0.991496 0.76059 -0.639656 0.111092
1884715 0.488146 0.669677 0.559682 -0.428766 -0.374543 0.822116 0.760179 -0.641286 0.104303
1884750 0.637225 0.767768 0.06689 -0.128502 0.02027 0.991501 0.759888 -0.640406 0.111577
1884785 0.488943 0.66959 0.55909 -0.428724 -0.373718 0.822514 0.75969 -0.641859 0.104342
1884820 0.637927 0.76727 0.065914 -0.128211 0.021419 0.991515 0.759348 -0.640965 0.112037
1884855 0.489741 0.669502 0.558498 -0.42868 -0.372892 0.822911 0.759201 -0.642431 0.104381
1884890 0.638465 0.766842 0.065679 -0.127864 0.021532 0.991557 0.758954 -0.641473 0.111799
1884925 0.490379 0.669187 0.558316 -0.428655 -0.372581 0.823065 0.758803 -0.642939 0.104144
1884960 0.638969 0.76642 0.065708 -0.127365 0.021167 0.991629 0.758614 -0.641989 0.11114
1884995 0.491064 0.668635 0.558374 -0.42848 -0.372686 0.823109 0.758459 -0.643452 0.103484
1885030 0.63953 0.765945 0.065787 -0.126461 0.020406 0.991761 0.758293 -0.642581 0.109913
1885065 0.491982 0.667516 0.558904 -0.427531 -0.373993 0.82301 0.758399 -0.643856 0.101385
1885100 0.639639 0.765845 0.065889 -0.125658 0.019614 0.991879 0.758334 -0.642725 0.10878
1885135 0.492456 0.667586 0.558403 -0.427497 -0.373325 0.82333 0.75811 -0.644171 0.101544
1885170 0.639754 0.765745 0.065935 -0.12614 0.019984 0.991811 0.758157 -0.642832 0.109376
1885205 0.491574 0.667867 0.558844 -0.428324 -0.373312 0.822906 0.758216 -0.643886 0.102553
1885240 0.639375 0.765987 0.066792 -0.127147 0.019658 0.991688 0.758308 -0.642554 0.109962
1885275 0.490834 0.66744 0.560004 -0.428702 -0.374543 0.82215 0.758482 -0.643614 0.102294
1885310 0.638851 0.766381 0.067289 -0.128231 0.019833 0.991545 0.758568 -0.642078 0.110945
1885345 0.49036 0.668313 0.559377 -0.429162 -0.37346 0.822402 0.758528 -0.643338 0.103684
1885380 0.638299 0.766825 0.06747 -0.12987 0.02088 0.991311 0.758753 -0.641516 0.112915
1920660 0.286645 0.913828 0.287665 -0.024775 -0.293094 0.955762 0.957716 -0.281091 -0.061373
1920695 0.241203 0.638684 0.730686 -0.161154 -0.716103 0.679135 0.957 -0.281562 -0.0698
1920730 0.288466 0.91366 0.286378 -0.022811 -0.292449 0.956008 0.957218 -0.282308 -0.063519
1920765 0.242282 0.639804 0.729348 -0.15923 -0.71533 0.680402 0.957049 -0.280984 -0.071435
1920800 0.287085 0.914379 0.285466 -0.021944 -0.291655 0.956271 0.957653 -0.280796 -0.063664
1920835 0.240695 0.640063 0.729646 -0.157885 -0.715915 0.6801 0.957673 -0.278898 -0.07126
1920870 0.285034 0.914893 0.285876 -0.021591 -0.292044 0.95616 0.958274 -0.27871 -0.063488
1920905 0.239029 0.640648 0.72968 -0.15669 -0.716166 0.680112 0.958286 -0.276901 -0.070801
1920940 0.283162 0.91563 0.285374 -0.021365 -0.291456 0.956345 0.958833 -0.276898 -0.062967
1920975 0.237607 0.641259 0.729608 -0.155397 -0.716351 0.680214 0.95885 -0.275003 -0.07056
1921010 0.281271 0.916128 0.285649 -0.020806 -0.291774 0.95626 0.959402 -0.274911 -0.063006
1921045 0.235593 0.644741 0.727189 -0.155679 -0.713551 0.683086 0.959301 -0.274139 -0.067735
1921080 0.279197 0.91737 0.283688 -0.02468 -0.288483 0.957166 0.959916 -0.274239 -0.057902
1921115 0.230606 0.643962 0.729474 -0.15816 -0.714904 0.681099 0.960107 -0.272439 -0.063012
1921150 0.278467 0.91719 0.284988 -0.026784 -0.289193 0.956895 0.960072 -0.274097 -0.055964
1921185 0.232363 0.643838 0.729025 -0.158262 -0.714524 0.681474 0.959666 -0.273727 -0.064134
1921220 0.280001 0.916966 0.284201 -0.025623 -0.288799 0.957046 0.959657 -0.275256 -0.057368
1921255 0.234519 0.643866 0.72831 -0.157938 -0.714014 0.682084 0.959195 -0.27499 -0.065759
1921290 0.281696 0.916734 0.283276 -0.024245 -0.288337 0.957221 0.959197 -0.276514 -0.058996
1921325 0.236429 0.643864 0.727694 -0.157702 -0.713569 0.682604 0.958765 -0.276147 -0.067169
1921360 0.283223 0.916508 0.282482 -0.02307 -0.287946 0.957368 0.958776 -0.277666 -0.060408
1921395 0.238242 0.643959 0.727018 -0.157233 -0.713124 0.683177 0.958393 -0.277073 -0.068644
1921430 0.284351 0.916451 0.281533 -0.021596 -0.287458 0.957549 0.958476 -0.27836 -0.061947
1921465 0.240055 0.644054 0.726338 -0.156756 -0.712679 0.68375 0.958019 -0.277996 -0.070123
1921500 0.284018 0.91647 0.281806 -0.022019 -0.287597 0.957498 0.958566 -0.278152 -0.061502
1921535 0.23741 0.644211 0.727067 -0.157674 -0.712985 0.68322 0.958527 -0.276843 -0.067694
1921570 0.282184 0.916642 0.283085 -0.023977 -0.288246 0.957255 0.95906 -0.27691 -0.059359
1921605 0.235143 0.643503 0.72843 -0.157802 -0.714225 0.681894 0.959065 -0.275291 -0.066399
1921640 0.280299 0.916771 0.284537 -0.0254 -0.289232 0.956921 0.959576 -0.275452 -0.057785
1921675 0.232648 0.643783 0.728983 -0.158367 -0.714469 0.681507 0.95958 -0.273999 -0.064265
1921710 0.278428 0.917134 0.285204 -0.027147 -0.289313 0.956849 0.960073 -0.274156 -0.055655
1921745 0.231539 0.643538 0.729552 -0.158145 -0.715056 0.680943 0.959885 -0.27304 -0.063791
1921780 0.278509 0.91716 0.285042 -0.026064 -0.289458 0.956835 0.960079 -0.273917 -0.056711
1955660 0.626244 0.766703 0.141363 -0.088164 -0.110513 0.989956 0.774625 -0.632417 -0.001612
1955695 0.499593 0.602793 0.62213 -0.388299 -0.486156 0.782863 0.774357 -0.632686 -0.008816
1955730 0.625774 0.767084 0.141379 -0.0891 -0.109769 0.989955 0.774898 -0.632085 -0.000343
1955765 0.498345 0.603249 0.622689 -0.389007 -0.486286 0.782431 0.774806 -0.632152 -0.007669
1955800 0.625053 0.767542 0.142077 -0.090344 -0.109655 0.989855 0.775335 -0.631548 0.000802
1955835 0.497033 0.603968 0.62304 -0.389867 -0.486024 0.782165 0.775216 -0.631665 -0.006102
1955870 0.62433 0.768002 0.142773 -0.091587 -0.109543 0.989753 0.775772 -0.631009 0.001947
1955905 0.495719 0.604688 0.623388 -0.390724 -0.485765 0.781899 0.775626 -0.631176 -0.004536
1955940 0.623628 0.768491 0.143204 -0.092992 -0.10896 0.989686 0.776169 -0.630514 0.003513
1955975 0.494531 0.60488 0.624146 -0.391271 -0.486291 0.781298 0.776109 -0.630586 -0.003814
1956010 0.622901 0.768952 0.143897 -0.094231 -0.10885 0.989581 0.776604 -0.629971 0.004656
1956045 0.493216 0.6056 0.624488 -0.392122 -0.486035 0.781031 0.776516 -0.630093 -0.00225
1956080 0.622194 0.769444 0.144323 -0.095632 -0.108269 0.989511 0.776999 -0.62947 0.006219
1956115 0.491869 0.60621 0.624958 -0.392636 -0.48622 0.780657 0.77711 -0.629362 -0.001136
1956150 0.62129 0.770063 0.144914 -0.096759 -0.108127 0.989416 0.777583 -0.628736 0.007332
1956185 0.491269 0.606647 0.625006 -0.392896 -0.486071 0.780619 0.777358 -0.629057 -0.000442
1956220 0.621364 0.770149 0.144138 -0.096349 -0.10746 0.989529 0.777574 -0.628746 0.007431
1956255 0.491166 0.607484 0.624274 -0.392697 -0.485291 0.781204 0.777524 -0.628852 0.000198
1956290 0.621079 0.770354 0.144267 -0.095574 -0.108256 0.989518 0.777898 -0.628357 0.00639
1956325 0.491439 0.606731 0.624791 -0.391574 -0.486863 0.780789 0.777918 -0.628363 -0.001683
1956360 0.620747 0.770499 0.144926 -0.094469 -0.109997 0.989432 0.778298 -0.627878 0.004508
1956395 0.491775 0.605712 0.625514 -0.390297 -0.488827 0.780202 0.778347 -0.627821 -0.003985
1956430 0.6203 0.770695 0.145795 -0.0936 -0.111817 0.98931 0.778759 -0.627316 0.002776
1956465 0.491831 0.604964 0.626194 -0.389318 -0.490493 0.779645 0.778802 -0.627243 -0.005716
1956500 0.619794 0.770995 0.146362 -0.092388 -0.113521 0.98923 0.779307 -0.626641 0.000871
1956535 0.49201 0.604364 0.626633 -0.388013 -0.49211 0.779277 0.77934 -0.626554 -0.007621
1956570 0.619357 0.771389 0.146135 -0.091671 -0.113807 0.989264 0.779739 -0.626104 0.000227
1956605 0.491807 0.60536 0.62583 -0.387634 -0.491378 0.779927 0.779656 -0.626167 -0.007005
1956640 0.618966 0.771845 0.145379 -0.091284 -0.113147 0.989375 0.780094 -0.625661 0.000423
1956675 0.49173 0.605823 0.625442 -0.386946 -0.491429 0.780236 0.780046 -0.625679 -0.007229
1956710 0.618574 0.772301 0.144622 -0.090898 -0.112487 0.989486 0.78045 -0.625217 0.000618
1956745 0.49159 0.606552 0.624846 -0.386413 -0.491087 0.780716 0.780399 -0.625241 -0.007033
1956780 0.618069 0.772808 0.144074 -0.090746 -0.111907 0.989566 0.780868 -0.624694 0.000963
1994090 0.192353 0.746738 -0.636695 -0.32035 0.661049 0.678519 0.927564 0.07345 0.366373
1994125 0.007671 0.978856 -0.204402 -0.36942 0.192722 0.909058 0.92923 0.068536 0.363087
1994160 0.191049 0.747294 -0.636436 -0.321604 0.660245 0.678709 0.9274 0.075013 0.366472
1994195 0.007578 0.978865 -0.204362 -0.368035 0.192753 0.909613 0.929781 0.068319 0.361717
1994230 0.192268 0.747152 -0.636235 -0.319315 0.660682 0.679364 0.927938 0.072539 0.365605
1994265 0.010791 0.978988 -0.203629 -0.366777 0.193323 0.91 0.930246 0.064866 0.361157
1994300 0.194164 0.746977 -0.635865 -0.316696 0.661224 0.680062 0.928441 0.069331 0.364951
1994335 0.013847 0.978992 -0.203423 -0.365589 0.194313 0.910267 0.930673 0.061764 0.3606
1994370 0.196255 0.746102 -0.63625 -0.313947 0.662523 0.680072 0.928935 0.066281 0.36426
1994405 0.01534 0.979018 -0.203192 -0.363843 0.19475 0.910873 0.931333 0.059957 0.359196
1994440 0.194356 0.746004 -0.636947 -0.312763 0.662567 0.680575 0.929733 0.066939 0.362097
1994475 0.012831 0.978892 -0.203974 -0.361472 0.194736 0.911819 0.932294 0.062031 0.356341
1994510 0.191298 0.746741 -0.63701 -0.313909 0.661455 0.681128 0.929981 0.069664 0.360944
1994545 0.009394 0.978925 -0.204002 -0.363387 0.193406 0.911341 0.93159 0.06557 0.357545
1994580 0.18922 0.747568 -0.63666 -0.317845 0.660097 0.680621 0.929069 0.073572 0.362515
1994615 0.007167 0.979229 -0.202629 -0.365645 0.191168 0.91091 0.930726 0.067561 0.359421
1994650 0.190642 0.748134 -0.63557 -0.319664 0.659468 0.680379 0.928154 0.073459 0.364874
1994685 0.00771 0.979408 -0.201741 -0.367973 0.19037 0.910139 0.929804 0.067217 0.361864
1994720 0.191902 0.749012 -0.634156 -0.321431 0.658494 0.68049 0.927283 0.073249 0.367122
1994755 0.008265 0.979478 -0.20138 -0.367166 0.190293 0.910481 0.930118 0.066414 0.361204
1994790 0.191317 0.748147 -0.635352 -0.318157 0.659628 0.68093 0.928532 0.071867 0.364227
1994825 0.0094 0.979296 -0.202213 -0.364036 0.191696 0.911443 0.931337 0.065045 0.358301
1994860 0.190313 0.74784 -0.636015 -0.314525 0.660153 0.682107 0.929975 0.070229 0.36085
1994895 0.010286 0.979084 -0.203192 -0.360631 0.19316 0.912487 0.932651 0.06389 0.355075
1994930 0.189883 0.747515 -0.636525 -0.313363 0.660554 0.682254 0.930455 0.069914 0.359673
1994965 0.009756 0.979235 -0.202492 -0.361456 0.192263 0.91235 0.932337 0.064291 0.355826
1995000 0.189676 0.747729 -0.636335 -0.314283 0.660238 0.682137 0.930187 0.070604 0.36023
1995035 0.009155 0.979247 -0.20246 -0.3619 0.191988 0.912232 0.932171 0.064918 0.356147
1995070 0.189212 0.747748 -0.636451 -0.3145 0.660164 0.682108 0.930208 0.071101 0.360078
1995105 0.008439 0.979202 -0.202707 -0.361581 0.191987 0.912359 0.932302 0.065595 0.355682
1995140 0.188203 0.747717 -0.636787 -0.314692 0.660099 0.682082 0.930348 0.072021 0.359534
1995175 0.007454 0.978929 -0.204064 -0.361236 0.192925 0.912298 0.932444 0.066915 0.355063
1995210 0.190749 0.746437 -0.63753 -0.315592 0.661608 0.680202 0.929524 0.071451 0.361771
2030490 0.824415 0.286481 -0.488126 -0.328609 0.944465 -0.000695 0.460819 0.160976 0.872772
2030525 0.547963 0.725156 -0.416994 -0.697309 0.671334 0.251135 0.462055 0.153161 0.873525
2030560 0.82485 0.285411 -0.488018 -0.327556 0.94483 -0.001064 0.460791 0.160731 0.872832
2030595 0.548631 0.724437 -0.417364 -0.696632 0.672124 0.250903 0.462284 0.153095 0.873415
2030630 0.824883 0.284442 -0.488528 -0.326768 0.945103 -0.001469 0.461291 0.160847 0.872546
2030665 0.549093 0.723959 -0.417585 -0.696624 0.672505 0.2499 0.461746 0.153682 0.873596
2030700 0.825913 0.284957 -0.486484 -0.327506 0.944845 -0.002571 0.458919 0.16145 0.873685
2030735 0.549806 0.724879 -0.415044 -0.698701 0.671403 0.247049 0.457743 0.154163 0.875616
2030770 0.827467 0.28648 -0.482934 -0.329137 0.944274 -0.003799 0.454934 0.162095 0.875647
2030805 0.54973 0.725694 -0.41372 -0.700552 0.670277 0.244855 0.454998 0.155228 0.876858
2030840 0.827719 0.286627 -0.482416 -0.329765 0.94405 -0.004897 0.454021 0.163138 0.875928
2030875 0.549482 0.724569 -0.416013 -0.699532 0.67124 0.245134 0.456862 0.156318 0.875694
2030910 0.826497 0.285146 -0.485379 -0.329194 0.944244 -0.005831 0.456653 0.164603 0.874284
2030945 0.548601 0.723182 -0.419575 -0.698415 0.67226 0.245522 0.459621 0.158343 0.873884
2030980 0.825272 0.283258 -0.488559 -0.32847 0.944486 -0.007254 0.459382 0.166463 0.8725
2031015 0.547514 0.722605 -0.421982 -0.698483 0.672354 0.245072 0.460812 0.160567 0.872851
2031050 0.82492 0.283429 -0.489053 -0.329654 0.944059 -0.008924 0.459166 0.16858 0.872208
2031085 0.546451 0.723631 -0.421602 -0.699583 0.671158 0.245214 0.460406 0.160948 0.872995
2031120 0.824146 0.285817 -0.488969 -0.331711 0.943349 -0.007674 0.459075 0.168521 0.872267
2031155 0.546101 0.724466 -0.420621 -0.700122 0.670411 0.245715 0.460002 0.1603 0.873327
2031190 0.824998 0.285282 -0.487843 -0.330219 0.943881 -0.006472 0.45862 0.166435 0.872907
2031225 0.548533 0.72347 -0.419168 -0.698174 0.67216 0.246479 0.460069 0.15745 0.87381
2031260 0.826205 0.283258 -0.48698 -0.327246 0.944922 -0.005576 0.458578 0.163969 0.873395
2031295 0.551043 0.722144 -0.418161 -0.696083 0.674154 0.246948 0.460238 0.154996 0.87416
2031330 0.826693 0.281945 -0.486913 -0.325047 0.945688 -0.004275 0.459263 0.161804 0.873439
2031365 0.54989 0.72278 -0.418579 -0.696271 0.673484 0.24824 0.46133 0.154939 0.873594
2031400 0.824736 0.284235 -0.488896 -0.327748 0.944758 -0.003623 0.460859 0.163223 0.872333
2031435 0.547411 0.724641 -0.418611 -0.698493 0.671134 0.248365 0.46092 0.156439 0.873544
2031470 0.824577 0.287523 -0.48724 -0.331121 0.943581 -0.003558 0.458727 0.16427 0.87326
